0;0
1;0.167185178629765
2;0.333904509193634
3;0.500159289739817
4;0.665950814699607
5;0.831280374897467
6;0.996149257561088
7;1.16055874633139
8;1.32451012127256
9;1.48800465888196
10;1.6510436321001
11;1.81362831032057
12;1.97575995939985
13;2.13743984166725
14;2.29866921593469
15;2.45944933750651
16;2.61978145818924
17;2.77966682630136
18;2.93910668668302
19;3.0981022807057
20;3.25665484628191
21;3.41476561787482
22;3.57243582650786
23;3.72966669977433
24;3.8864594618469
25;4.04281533348723
26;4.19873553205539
27;4.35422127151939
28;4.50927376246461
29;4.66389421210324
30;4.81808382428366
31;4.97184379949982
32;5.12517533490061
33;5.27807962429913
34;5.43055785818205
35;5.58261122371882
36;5.73424090477095
37;5.88544808190121
38;6.03623393238283
39;6.18659963020865
40;6.3365463461003
41;6.48607524751725
42;6.63518749866598
43;6.78388426050897
44;6.93216669077378
45;7.08003594396207
46;7.22749317135856
47;7.37453952104001
48;7.52117613788415
49;7.66740416357861
50;7.8132247366298
51;7.95863899237176
52;8.10364806297504
53;8.24825307745545
54;8.39245516168291
55;8.53625543839021
56;8.67965502718169
57;8.82265504454206
58;8.96525660384498
59;9.10746081536181
60;9.24926878627025
61;9.39068162066289
62;9.53170041955589
63;9.67232628089751
64;9.81256029957665
65;9.95240356743141
66;10.0918571732576
67;10.230922202817
68;10.3695997388464
69;10.5078908610652
70;10.6457966461845
71;10.7833181679151
72;10.9204564969761
73;11.0572127011031
74;11.1935878450565
75;11.3295829906299
76;11.4651991966582
77;11.6004375190259
78;11.7352990106757
79;11.8697847216159
80;12.0038956989293
81;12.1376329867811
82;12.2709976264269
83;12.403990656221
84;12.5366131116244
85;12.6688660252128
86;12.8007504266849
87;12.93226734287
88;13.0634177977363
89;13.1942028123989
90;13.3246234051276
91;13.4546805913547
92;13.5843753836832
93;13.7137087918947
94;13.842681822957
95;13.971295481032
96;14.0995507674837
97;14.2274486808857
98;14.3549902170295
99;14.4821763689316
100;14.6090081268415
101;14.7354864782498
102;14.8616124078952
103;14.9873868977726
104;15.1128109271408
105;15.2378854725297
106;15.3626115077483
107;15.4869900038924
108;15.6110219293515
109;15.7347082498171
110;15.8580499282896
111;15.9810479250864
112;16.1037031978487
113;16.2260167015496
114;16.3479893885011
115;16.4696222083616
116;16.5909161081435
117;16.7118720322204
118;16.8324909223345
119;16.9527737176036
120;17.0727213545293
121;17.1923347670032
122;17.3116148863149
123;17.430562641159
124;17.5491789576424
125;17.6674647592915
126;17.7854209670593
127;17.9030484993327
128;18.0203482719395
129;18.1373211981557
130;18.2539681887125
131;18.3702901518034
132;18.4862879930913
133;18.6019626157156
134;18.7173149202992
135;18.8323458049553
136;18.9470561652947
137;19.0614468944328
138;19.1755188829961
139;19.2892730191296
140;19.4027101885037
141;19.5158312743207
142;19.628637157322
143;19.741128715795
144;19.8533068255798
145;19.9651723600757
146;20.0767261902489
147;20.1879691846384
148;20.2989022093631
149;20.4095261281285
150;20.5198418022336
151;20.6298500905773
152;20.7395518496655
153;20.8489479336171
154;20.9580391941715
155;21.0668264806944
156;21.1753106401853
157;21.283492517283
158;21.3913729542733
159;21.4989527910948
160;21.6062328653457
161;21.7132140122903
162;21.8198970648656
163;21.9262828536875
164;22.0323722070576
165;22.1381659509694
166;22.243664909115
167;22.3488699028913
168;22.4537817514062
169;22.5584012714856
170;22.6627292776791
171;22.7667665822668
172;22.8705139952652
173;22.9739723244341
174;23.0771423752823
175;23.1800249510741
176;23.2826208528358
177;23.3849308793614
178;23.4869558272193
179;23.5886964907583
180;23.6901536621139
181;23.7913281312142
182;23.8922206857864
183;23.9928321113626
184;24.0931631912861
185;24.1932147067177
186;24.2929874366413
187;24.3924821578703
188;24.4916996450536
189;24.5906406706816
190;24.6893060050922
191;24.7876964164769
192;24.8858126708865
193;24.9836555322375
194;25.0812257623175
195;25.1785241207919
196;25.2755513652088
197;25.3723082510059
198;25.4687955315158
199;25.5650139579719
200;25.6609642795144
201;25.7566472431961
202;25.8520635939882
203;25.9472140747862
204;26.0420994264153
205;26.1367203876368
206;26.2310776951531
207;26.3251720836143
208;26.4190042856231
209;26.512575031741
210;26.6058850504938
211;26.6989350683774
212;26.7917258098633
213;26.8842579974044
214;26.9765323514404
215;27.0685495904037
216;27.1603104307248
217;27.2518155868379
218;27.3430657711865
219;27.4340616942289
220;27.5248040644438
221;27.6152935883359
222;27.705530970441
223;27.795516913332
224;27.885252117624
225;27.9747372819801
226;28.0639731031164
227;28.1529602758078
228;28.2416994928931
229;28.3301914452807
230;28.4184368219539
231;28.506436309976
232;28.5941905944961
233;28.681700358754
234;28.7689662840857
235;28.8559890499288
236;28.9427693338277
237;29.0293078114389
238;29.1156051565361
239;29.2016620410157
240;29.2874791349019
241;29.3730571063519
242;29.4583966216612
243;29.5434983452687
244;29.6283629397617
245;29.7129910658816
246;29.7973833825285
247;29.8815405467665
248;29.9654632138288
249;30.0491520371231
250;30.1326076682363
251;30.2158307569394
252;30.2988219511934
253;30.3815818971535
254;30.4641112391744
255;30.5464106198156
256;30.6284806798458
257;30.7103220582486
258;30.7919353922269
259;30.8733213172082
260;30.9544804668495
261;31.0354134730419
262;31.116120965916
263;31.1966035738466
264;31.2768619234574
265;31.3568966396263
266;31.4367083454899
267;31.5162976624484
268;31.5956652101708
269;31.6748116065991
270;31.7537374679536
271;31.8324434087377
272;31.9109300417422
273;31.9891979780508
274;32.0672478270442
275;32.1450801964051
276;32.2226956921232
277;32.3000949184993
278;32.3772784781506
279;32.4542469720151
280;32.5310009993563
281;32.607541157768
282;32.6838680431788
283;32.7599822498568
284;32.835884370414
285;32.9115749958115
286;32.9870547153636
287;33.0623241167424
288;33.1373837859826
289;33.212234307486
290;33.2868762640259
291;33.3613102367519
292;33.4355368051941
293;33.5095565472679
294;33.5833700392783
295;33.6569778559247
296;33.7303805703047
297;33.8035787539196
298;33.8765729766777
299;33.9493638068996
300;34.0219518113223
301;34.0943375551036
302;34.1665216018265
303;34.2385045135036
304;34.3102868505816
305;34.3818691719455
306;34.4532520349229
307;34.5244359952888
308;34.5954216072692
309;34.6662094235459
310;34.7367999952608
311;34.8071938720199
312;34.8773916018981
313;34.9473937314428
314;35.0172008056787
315;35.0868133681116
316;35.1562319607331
317;35.2254571240244
318;35.2944893969609
319;35.3633293170161
320;35.4319774201657
321;35.5004342408922
322;35.5687003121886
323;35.6367761655631
324;35.7046623310423
325;35.7723593371766
326;35.8398677110431
327;35.9071879782506
328;35.9743206629431
329;36.0412662878042
330;36.1080253740611
331;36.1745984414887
332;36.2409860084135
333;36.3071885917177
334;36.3732067068432
335;36.439040867796
336;36.5046915871494
337;36.5701593760488
338;36.6354447442152
339;36.7005481999493
340;36.7654702501354
341;36.8302114002455
342;36.8947721543433
343;36.9591530150875
344;37.0233544837368
345;37.0873770601526
346;37.1512212428038
347;37.2148875287704
348;37.2783764137471
349;37.3416883920475
350;37.4048239566079
351;37.467783598991
352;37.5305678093898
353;37.5931770766314
354;37.6556118881809
355;37.717872730145
356;37.7799600872761
357;37.8418744429755
358;37.9036162792981
359;37.965186076955
360;38.0265843153183
361;38.0878114724242
362;38.1488680249767
363;38.2097544483518
364;38.2704712166008
365;38.331018802454
366;38.3913976773246
367;38.4516083113122
368;38.5116511732065
369;38.5715267304909
370;38.6312354493464
371;38.6907777946547
372;38.7501542300024
373;38.8093652176842
374;38.8684112187069
375;38.9272926927924
376;38.9860100983819
377;39.044563892639
378;39.1029545314536
379;39.1611824694451
380;39.2192481599664
381;39.277152055107
382;39.3348946056968
383;39.3924762613093
384;39.4498974702654
385;39.507158679637
386;39.5642603352499
387;39.621202881688
388;39.6779867622961
389;39.7346124191838
390;39.7910802932288
391;39.8473908240803
392;39.9035444501625
393;39.9595416086779
394;40.0153827356108
395;40.0710682657307
396;40.1265986325956
397;40.1819742685555
398;40.2371956047555
399;40.2922630711395
400;40.3471770964535
401;40.4019381082487
402;40.4565465328848
403;40.5110027955339
404;40.5653073201829
405;40.6194605296378
406;40.673462845526
407;40.7273146883004
408;40.7810164772423
409;40.8345686304645
410;40.8879715649151
411;40.94122569638
412;40.9943314394869
413;41.047289207708
414;41.1000994133635
415;41.1527624676245
416;41.2052787805167
417;41.2576487609229
418;41.309872816587
419;41.3619513541166
420;41.4138847789861
421;41.4656734955404
422;41.5173179069976
423;41.5688184154522
424;41.6201754218784
425;41.671389326133
426;41.7224605269587
427;41.7733894219873
428;41.8241764077423
429;41.8748218796425
430;41.925326232005
431;41.975689858048
432;42.025913149894
433;42.075996498573
434;42.1259402940254
435;42.1757449251052
436;42.2254107795825
437;42.2749382441472
438;42.3243277044118
439;42.3735795449142
440;42.4226941491206
441;42.4716718994291
442;42.520513177172
443;42.5692183626192
444;42.6177878349809
445;42.6662219724107
446;42.7145211520086
447;42.7626857498236
448;42.8107161408572
449;42.8586126990656
450;42.9063757973634
451;42.9540058076259
452;43.0015031006921
453;43.0488680463679
454;43.0961010134287
455;43.1432023696222
456;43.1901724816715
457;43.237011715278
458;43.2837204351238
459;43.3302990048751
460;43.3767477871847
461;43.4230671436948
462;43.4692574350401
463;43.5153190208502
464;43.5612522597527
465;43.6070575093761
466;43.6527351263521
467;43.698285466319
468;43.7437088839237
469;43.7890057328253
470;43.8341763656974
471;43.8792211342307
472;43.9241403891361
473;43.9689344801473
474;44.0136037560233
475;44.0581485645516
476;44.1025692525503
477;44.1468661658714
478;44.1910396494031
479;44.2350900470725
480;44.2790177018486
481;44.3228229557444
482;44.3665061498203
483;44.4100676241861
484;44.4535077180041
485;44.4968267694913
486;44.5400251159225
487;44.5831030936326
488;44.6260610380194
489;44.6688992835461
490;44.7116181637439
491;44.7542180112148
492;44.7966991576339
493;44.8390619337521
494;44.8813066693988
495;44.9234336934842
496;44.9654433340022
497;45.0073359180326
498;45.0491117717439
499;45.0907712203958
500;45.1323145883417
501;45.173742199031
502;45.2150543750121
503;45.2562514379345
504;45.2973337085515
505;45.3383015067227
506;45.3791551514163
507;45.4198949607117
508;45.4605212518023
509;45.5010343409973
510;45.5414345437248
511;45.5817221745337
512;45.6218975470968
513;45.6619609742126
514;45.701912767808
515;45.741753238941
516;45.7814826978026
517;45.8211014537195
518;45.8606098151567
519;45.9000080897196
520;45.9392965841562
521;45.9784756043602
522;46.0175454553726
523;46.0565064413847
524;46.09535886574
525;46.1341030309369
526;46.1727392386309
527;46.2112677896367
528;46.2496889839312
529;46.2880031206551
530;46.3262104981158
531;46.3643114137895
532;46.4023061643232
533;46.4401950455377
534;46.4779783524293
535;46.5156563791724
536;46.5532294191216
537;46.5906977648143
538;46.6280617079724
539;46.6653215395054
540;46.7024775495119
541;46.7395300272822
542;46.7764792613006
543;46.8133255392475
544;46.8500691480017
545;46.8867103736427
546;46.9232495014528
547;46.9596868159194
548;46.9960226007372
549;47.0322571388104
550;47.068390712255
551;47.1044236024007
552;47.1403560897935
553;47.1761884541975
554;47.2119209745975
555;47.2475539292007
556;47.2830875954393
557;47.3185222499722
558;47.3538581686877
559;47.3890956267051
560;47.4242348983773
561;47.4592762572926
562;47.4942199762771
563;47.5290663273967
564;47.5638155819589
565;47.5984680105156
566;47.6330238828647
567;47.6674834680522
568;47.7018470343747
569;47.7361148493809
570;47.7702871798743
571;47.8043642919147
572;47.8383464508207
573;47.8722339211716
574;47.9060269668094
575;47.939725850841
576;47.9733308356402
577;48.0068421828496
578;48.0402601533829
579;48.0735850074266
580;48.1068170044423
581;48.1399564031688
582;48.1730034616237
583;48.2059584371057
584;48.2388215861967
585;48.2715931647635
586;48.30427342796
587;48.3368626302292
588;48.369361025305
589;48.4017688662144
590;48.4340864052793
591;48.4663138941184
592;48.4984515836496
593;48.5304997240914
594;48.5624585649651
595;48.5943283550968
596;48.6261093426192
597;48.6578017749737
598;48.6894058989121
599;48.7209219604988
600;48.7523502051123
601;48.7836908774477
602;48.8149442215181
603;48.8461104806566
604;48.8771898975184
605;48.9081827140825
606;48.9390891716537
607;48.9699095108645
608;49.0006439716766
609;49.0312927933834
610;49.0618562146114
611;49.092334473322
612;49.1227278068138
613;49.1530364517242
614;49.183260644031
615;49.2134006190547
616;49.2434566114599
617;49.2734288552574
618;49.303317583806
619;49.3331230298143
620;49.3628454253424
621;49.3924850018037
622;49.4220419899668
623;49.4515166199576
624;49.4809091212604
625;49.5102197227201
626;49.5394486525442
627;49.568596138304
628;49.597662406937
629;49.626647684748
630;49.6555521974116
631;49.6843761699733
632;49.7131198268516
633;49.7417833918398
634;49.7703670881074
635;49.7988711382023
636;49.8272957640521
637;49.855641186966
638;49.8839076276367
639;49.9120953061418
640;49.9402044419459
641;49.9682352539017
642;49.9961879602525
643;50.0240627786333
644;50.0518599260725
645;50.079579618994
646;50.1072220732187
647;50.1347875039659
648;50.1622761258554
649;50.1896881529089
650;50.2170237985518
651;50.2442832756146
652;50.271466796335
653;50.2985745723594
654;50.3256068147441
655;50.3525637339576
656;50.3794455398819
657;50.4062524418141
658;50.4329846484682
659;50.4596423679765
660;50.4862258078916
661;50.5127351751874
662;50.5391706762615
663;50.5655325169361
664;50.5918209024599
665;50.61803603751
666;50.6441781261928
667;50.6702473720461
668;50.6962439780407
669;50.7221681465817
670;50.7480200795102
671;50.773799978105
672;50.7995080430839
673;50.8251444746055
674;50.8507094722708
675;50.8762032351244
676;50.9016259616563
677;50.9269778498037
678;50.9522590969519
679;50.9774698999364
680;51.0026104550443
681;51.0276809580155
682;51.0526816040448
683;51.0776125877829
684;51.1024741033381
685;51.1272663442781
686;51.1519895036309
687;51.1766437738867
688;51.2012293469997
689;51.2257464143888
690;51.2501951669396
691;51.2745757950062
692;51.2988884884117
693;51.3231334364507
694;51.3473108278903
695;51.3714208509714
696;51.3954636934106
697;51.4194395424013
698;51.4433485846154
699;51.4671910062047
700;51.490966992802
701;51.5146767295233
702;51.5383204009684
703;51.5618981912229
704;51.5854102838595
705;51.6088568619393
706;51.6322381080134
707;51.6555542041241
708;51.6788053318066
709;51.7019916720902
710;51.7251134054998
711;51.7481707120571
712;51.7711637712826
713;51.7940927621961
714;51.816957863319
715;51.8397592526749
716;51.8624971077917
717;51.8851716057022
718;51.9077829229464
719;51.930331235572
720;51.9528167191364
721;51.9752395487077
722;51.9975998988662
723;52.0198979437058
724;52.0421338568352
725;52.0643078113795
726;52.0864199799813
727;52.1084705348021
728;52.1304596475237
729;52.1523874893498
730;52.1742542310066
731;52.196060042745
732;52.2178050943411
733;52.2394895550984
734;52.2611135938482
735;52.2826773789516
736;52.3041810783007
737;52.3256248593195
738;52.3470088889656
739;52.3683333337314
740;52.3895983596455
741;52.4108041322736
742;52.4319508167203
743;52.45303857763
744;52.4740675791886
745;52.4950379851241
746;52.5159499587085
747;52.5368036627589
748;52.5575992596388
749;52.578336911259
750;52.5990167790793
751;52.6196390241098
752;52.6402038069115
753;52.6607112875985
754;52.6811616258385
755;52.7015549808543
756;52.721891511425
757;52.7421713758875
758;52.7623947321373
759;52.78256173763
760;52.8026725493824
761;52.8227273239738
762;52.8427262175474
763;52.8626693858111
764;52.882556984039
765;52.9023891670725
766;52.9221660893216
767;52.9418879047661
768;52.9615547669566
769;52.981166829016
770;53.0007242436404
771;53.0202271631005
772;53.0396757392427
773;53.0590701234903
774;53.0784104668446
775;53.0976969198863
776;53.1169296327764
777;53.1361087552575
778;53.155234436655
779;53.1743068258781
780;53.1933260714212
781;53.2122923213649
782;53.2312057233773
783;53.2500664247147
784;53.2688745722234
785;53.2876303123404
786;53.3063337910948
787;53.3249851541085
788;53.343584546598
789;53.3621321133748
790;53.3806279988472
791;53.3990723470211
792;53.4174653015008
793;53.4358070054909
794;53.4540976017967
795;53.4723372328256
796;53.4905260405884
797;53.5086641666999
798;53.5267517523805
799;53.544788938457
800;53.562775865364
801;53.5807126731445
802;53.5985995014514
803;53.6164364895486
804;53.6342237763117
805;53.6519615002296
806;53.6696497994052
807;53.6872888115565
808;53.7048786740178
809;53.7224195237408
810;53.7399114972955
811;53.7573547308716
812;53.7747493602789
813;53.7920955209492
814;53.8093933479366
815;53.8266429759192
816;53.8438445391995
817;53.8609981717059
818;53.8781040069938
819;53.8951621782462
820;53.9121728182751
821;53.9291360595225
822;53.9460520340612
823;53.9629208735963
824;53.9797427094654
825;53.9965176726407
826;54.013245893729
827;54.0299275029735
828;54.0465626302543
829;54.0631514050897
830;54.079693956637
831;54.0961904136937
832;54.1126409046984
833;54.1290455577318
834;54.1454045005178
835;54.1617178604242
836;54.1779857644641
837;54.1942083392967
838;54.2103857112281
839;54.2265180062125
840;54.2426053498533
841;54.2586478674037
842;54.2746456837681
843;54.2905989235028
844;54.3065077108168
845;54.3223721695734
846;54.3381924232904
847;54.3539685951418
848;54.3697008079579
849;54.3853891842273
850;54.4010338460968
851;54.4166349153732
852;54.4321925135237
853;54.447706761677
854;54.4631777806246
855;54.478605690821
856;54.4939906123855
857;54.5093326651022
858;54.5246319684219
859;54.5398886414623
860;54.5551028030092
861;54.5702745715176
862;54.5854040651121
863;54.6004914015885
864;54.6155366984141
865;54.6305400727291
866;54.6455016413472
867;54.6604215207566
868;54.675299827121
869;54.6901366762802
870;54.7049321837514
871;54.71968646473
872;54.7343996340903
873;54.7490718063864
874;54.7637030958534
875;54.7782936164081
876;54.7928434816496
877;54.8073528048608
878;54.8218216990089
879;54.836250276746
880;54.8506386504107
881;54.8649869320283
882;54.8792952333123
883;54.8935636656644
884;54.9077923401764
885;54.9219813676302
886;54.9361308584991
887;54.9502409229488
888;54.9643116708377
889;54.9783432117183
890;54.9923356548377
891;55.0062891091388
892;55.0202036832607
893;55.0340794855399
894;55.0479166240111
895;55.0617152064078
896;55.0754753401635
897;55.0891971324122
898;55.1028806899894
899;55.116526119433
900;55.130133526984
901;55.1437030185872
902;55.1572346998925
903;55.1707286762551
904;55.184185052737
905;55.1976039341071
906;55.2109854248426
907;55.2243296291294
908;55.2376366508632
909;55.2509065936503
910;55.2641395608081
911;55.2773356553663
912;55.2904949800674
913;55.3036176373677
914;55.3167037294379
915;55.329753358164
916;55.3427666251484
917;55.35574363171
918;55.3686844788855
919;55.3815892674304
920;55.3944580978189
921;55.4072910702456
922;55.4200882846258
923;55.4328498405965
924;55.445575837517
925;55.4582663744697
926;55.4709215502609
927;55.4835414634217
928;55.4961262122086
929;55.5086758946042
930;55.5211906083183
931;55.5336704507882
932;55.54611551918
933;55.5585259103887
934;55.5709017210395
935;55.5832430474885
936;55.595549985823
937;55.6078226318627
938;55.6200610811605
939;55.6322654290027
940;55.6444357704104
941;55.6565722001397
942;55.6686748126828
943;55.6807437022685
944;55.6927789628633
945;55.7047806881714
946;55.7167489716365
947;55.7286839064414
948;55.7405855855095
949;55.7524541015052
950;55.7642895468348
951;55.7760920136471
952;55.787861593834
953;55.7995983790315
954;55.8113024606201
955;55.8229739297259
956;55.8346128772209
957;55.846219393724
958;55.8577935696015
959;55.8693354949679
960;55.8808452596868
961;55.8923229533712
962;55.9037686653844
963;55.9151824848409
964;55.9265645006066
965;55.9379148013
966;55.9492334752925
967;55.9605206107095
968;55.9717762954307
969;55.9830006170908
970;55.9941936630806
971;56.0053555205472
972;56.0164862763949
973;56.0275860172858
974;56.0386548296406
975;56.0496927996393
976;56.0607000132216
977;56.0716765560877
978;56.0826225136991
979;56.0935379712792
980;56.1044230138139
981;56.1152777260523
982;56.1261021925072
983;56.1368964974562
984;56.1476607249418
985;56.1583949587726
986;56.1690992825233
987;56.179773779536
988;56.1904185329206
989;56.2010336255552
990;56.2116191400872
991;56.2221751589336
992;56.2327017642817
993;56.2431990380898
994;56.2536670620881
995;56.2641059177786
996;56.2745156864366
997;56.2848964491107
998;56.2952482866237
999;56.3055712795734
1000;56.3158655083327
1001;56.3261310530508
1002;56.3363679936534
1003;56.3465764098437
1004;56.3567563811025
1005;56.3669079866895
1006;56.3770313056432
1007;56.3871264167821
1008;56.3971933987051
1009;56.4072323297918
1010;56.4172432882038
1011;56.4272263518846
1012;56.4371815985607
1013;56.4471091057419
1014;56.457008950722
1015;56.4668812105796
1016;56.4767259621785
1017;56.486543282168
1018;56.4963332469843
1019;56.5060959328504
1020;56.5158314157767
1021;56.5255397715622
1022;56.5352210757945
1023;56.5448754038504
1024;56.554502830897
1025;56.5641034318917
1026;56.5736772815833
1027;56.583224454512
1028;56.5927450250105
1029;56.6022390672043
1030;56.6117066550125
1031;56.621147862148
1032;56.6305627621185
1033;56.6399514282268
1034;56.6493139335714
1035;56.6586503510472
1036;56.667960753346
1037;56.6772452129569
1038;56.6865038021671
1039;56.6957365930625
1040;56.704943657528
1041;56.7141250672482
1042;56.723280893708
1043;56.732411208193
1044;56.7415160817905
1045;56.7505955853893
1046;56.7596497896809
1047;56.7686787651598
1048;56.7776825821241
1049;56.7866613106759
1050;56.7956150207221
1051;56.8045437819748
1052;56.8134476639517
1053;56.8223267359769
1054;56.8311810671815
1055;56.8400107265036
1056;56.8488157826896
1057;56.857596304294
1058;56.8663523596806
1059;56.8750840170224
1060;56.8837913443027
1061;56.8924744093152
1062;56.9011332796648
1063;56.9097680227679
1064;56.9183787058533
1065;56.9269653959621
1066;56.935528159949
1067;56.9440670644821
1068;56.9525821760438
1069;56.9610735609315
1070;56.9695412852574
1071;56.97798541495
1072;56.9864060157537
1073;56.99480315323
1074;57.0031768927574
1075;57.0115272995325
1076;57.0198544385701
1077;57.0281583747039
1078;57.036439172587
1079;57.0446968966922
1080;57.0529316113127
1081;57.0611433805627
1082;57.0693322683775
1083;57.0774983385144
1084;57.0856416545531
1085;57.093762279896
1086;57.1018602777689
1087;57.1099357112215
1088;57.1179886431277
1089;57.1260191361862
1090;57.1340272529212
1091;57.1420130556823
1092;57.1499766066458
1093;57.1579179678144
1094;57.1658372010182
1095;57.1737343679151
1096;57.181609529991
1097;57.1894627485607
1098;57.1972940847678
1099;57.2051035995859
1100;57.2128913538184
1101;57.2206574080997
1102;57.2284018228947
1103;57.2361246585001
1104;57.2438259750448
1105;57.2515058324897
1106;57.259164290629
1107;57.2668014090901
1108;57.2744172473343
1109;57.2820118646573
1110;57.2895853201893
1111;57.297137672896
1112;57.3046689815788
1113;57.3121793048752
1114;57.3196687012592
1115;57.3271372290419
1116;57.3345849463722
1117;57.3420119112366
1118;57.3494181814602
1119;57.3568038147069
1120;57.3641688684801
1121;57.3715134001228
1122;57.3788374668183
1123;57.3861411255904
1124;57.3934244333042
1125;57.4006874466664
1126;57.4079302222255
1127;57.4151528163724
1128;57.4223552853412
1129;57.4295376852089
1130;57.4367000718966
1131;57.4438425011693
1132;57.4509650286368
1133;57.4580677097538
1134;57.4651505998206
1135;57.4722137539834
1136;57.4792572272347
1137;57.4862810744138
1138;57.4932853502071
1139;57.5002701091488
1140;57.5072354056209
1141;57.5141812938541
1142;57.5211078279279
1143;57.5280150617711
1144;57.5349030491622
1145;57.54177184373
1146;57.5486214989536
1147;57.5554520681634
1148;57.562263604541
1149;57.5690561611198
1150;57.5758297907855
1151;57.5825845462764
1152;57.589320480184
1153;57.5960376449529
1154;57.6027360928821
1155;57.6094158761243
1156;57.6160770466873
1157;57.6227196564338
1158;57.629343757082
1159;57.635949400206
1160;57.6425366372363
1161;57.6491055194599
1162;57.6556560980211
1163;57.6621884239214
1164;57.6687025480206
1165;57.6751985210364
1166;57.6816763935454
1167;57.6881362159832
1168;57.6945780386448
1169;57.7010019116852
1170;57.7074078851196
1171;57.7137960088238
1172;57.7201663325346
1173;57.7265189058503
1174;57.7328537782309
1175;57.7391709989987
1176;57.7454706173384
1177;57.7517526822979
1178;57.7580172427881
1179;57.7642643475839
1180;57.7704940453242
1181;57.7767063845124
1182;57.7829014135166
1183;57.7890791805703
1184;57.7952397337725
1185;57.8013831210882
1186;57.8075093903489
1187;57.8136185892525
1188;57.8197107653643
1189;57.8257859661169
1190;57.8318442388108
1191;57.8378856306147
1192;57.8439101885658
1193;57.8499179595702
1194;57.8559089904035
1195;57.8618833277108
1196;57.8678410180073
1197;57.8737821076785
1198;57.8797066429807
1199;57.8856146700414
1200;57.8915062348594
1201;57.8973813833055
1202;57.9032401611225
1203;57.909082613926
1204;57.9149087872041
1205;57.9207187263186
1206;57.9265124765047
1207;57.9322900828714
1208;57.9380515904022
1209;57.9437970439553
1210;57.9495264882637
1211;57.9552399679359
1212;57.9609375274562
1213;57.9666192111847
1214;57.972285063358
1215;57.9779351280896
1216;57.9835694493698
1217;57.9891880710665
1218;57.9947910369253
1219;58.00037839057
1220;58.0059501755027
1221;58.0115064351045
1222;58.0170472126353
1223;58.0225725512348
1224;58.0280824939223
1225;58.0335770835973
1226;58.0390563630396
1227;58.0445203749101
1228;58.0499691617505
1229;58.0554027659843
1230;58.0608212299165
1231;58.0662245957344
1232;58.0716129055076
1233;58.0769862011886
1234;58.0823445246129
1235;58.0876879174996
1236;58.0930164214515
1237;58.0983300779552
1238;58.1036289283821
1239;58.108913013988
1240;58.114182375914
1241;58.1194370551864
1242;58.1246770927173
1243;58.1299025293047
1244;58.1351134056329
1245;58.140309762273
1246;58.1454916396828
1247;58.1506590782077
1248;58.1558121180803
1249;58.1609507994214
1250;58.1660751622398
1251;58.1711852464331
1252;58.1762810917873
1253;58.181362737978
1254;58.1864302245699
1255;58.1914835910176
1256;58.1965228766658
1257;58.2015481207495
1258;58.2065593623943
1259;58.2115566406169
1260;58.2165399943254
1261;58.2215094623192
1262;58.2264650832898
1263;58.2314068958207
1264;58.2363349383881
1265;58.2412492493609
1266;58.2461498670011
1267;58.251036829464
1268;58.2559101747988
1269;58.2607699409483
1270;58.26561616575
1271;58.2704488869357
1272;58.2752681421321
1273;58.2800739688612
1274;58.2848664045403
1275;58.2896454864825
1276;58.2944112518969
1277;58.2991637378889
1278;58.3039029814606
1279;58.3086290195109
1280;58.3133418888359
1281;58.3180416261293
1282;58.3227282679823
1283;58.3274018508845
1284;58.3320624112234
1285;58.3367099852854
1286;58.3413446092558
1287;58.3459663192189
1288;58.3505751511586
1289;58.3551711409585
1290;58.359754324402
1291;58.3643247371732
1292;58.3688824148565
1293;58.3734273929371
1294;58.3779597068016
1295;58.3824793917376
1296;58.3869864829348
1297;58.3914810154845
1298;58.3959630243804
1299;58.4004325445187
1300;58.4048896106983
1301;58.4093342576211
1302;58.4137665198924
1303;58.4181864320211
1304;58.4225940284198
1305;58.4269893434053
1306;58.4313724111988
1307;58.4357432659261
1308;58.4401019416179
1309;58.4444484722102
1310;58.4487828915442
1311;58.453105233367
1312;58.4574155313317
1313;58.4617138189975
1314;58.4660001298301
1315;58.4702744972019
1316;58.4745369543926
1317;58.4787875345888
1318;58.4830262708849
1319;58.4872531962828
1320;58.4914683436929
1321;58.4956717459333
1322;58.4998634357312
1323;58.5040434457223
1324;58.5082118084515
1325;58.5123685563728
1326;58.5165137218502
1327;58.5206473371569
1328;58.5247694344768
1329;58.5288800459038
1330;58.5329792034423
1331;58.5370669390077
1332;58.5411432844265
1333;58.5452082714363
1334;58.5492619316865
1335;58.5533042967381
1336;58.5573353980643
1337;58.5613552670506
1338;58.5653639349949
1339;58.5693614331082
1340;58.5733477925142
1341;58.5773230442501
1342;58.5812872192664
1343;58.5852403484276
1344;58.589182462512
1345;58.5931135922123
1346;58.5970337681356
1347;58.6009430208037
1348;58.6048413806534
1349;58.6087288780366
1350;58.6126055432207
1351;58.6164714063889
1352;58.6203264976399
1353;58.6241708469889
1354;58.6280044843674
1355;58.6318274396234
1356;58.6356397425218
1357;58.6394414227445
1358;58.6432325098908
1359;58.6470130334773
1360;58.6507830229387
1361;58.6545425076274
1362;58.658291516814
1363;58.6620300796879
1364;58.6657582253567
1365;58.6694759828472
1366;58.6731833811052
1367;58.6768804489958
1368;58.6805672153039
1369;58.6842437087338
1370;58.6879099579103
1371;58.6915659913781
1372;58.6952118376024
1373;58.6988475249691
1374;58.7024730817851
1375;58.7060885362785
1376;58.7096939165983
1377;58.7132892508157
1378;58.7168745669231
1379;58.7204498928354
1380;58.7240152563892
1381;58.727570685344
1382;58.7311162073818
1383;58.7346518501073
1384;58.7381776410484
1385;58.7416936076564
1386;58.745199777306
1387;58.7486961772956
1388;58.7521828348476
1389;58.7556597771085
1390;58.7591270311491
1391;58.7625846239651
1392;58.7660325824764
1393;58.7694709335285
1394;58.7728997038916
1395;58.7763189202616
1396;58.77972860926
1397;58.7831287974339
1398;58.7865195112568
1399;58.789900777128
1400;58.7932726213736
1401;58.7966350702461
1402;58.7999881499251
1403;58.803331886517
1404;58.8066663060555
1405;58.809991434502
1406;58.8133072977452
1407;58.816613921602
1408;58.819911331817
1409;58.8231995540635
1410;58.826478613943
1411;58.8297485369855
1412;58.8330093486503
1413;58.8362610743254
1414;58.8395037393282
1415;58.8427373689055
1416;58.8459619882338
1417;58.8491776224195
1418;58.852384296499
1419;58.8555820354388
1420;58.858770864136
1421;58.8619508074183
1422;58.8651218900441
1423;58.8682841367031
1424;58.8714375720158
1425;58.8745822205344
1426;58.8777181067426
1427;58.8808452550559
1428;58.8839636898217
1429;58.8870734353196
1430;58.8901745157616
1431;58.8932669552921
1432;58.8963507779883
1433;58.8994260078605
1434;58.9024926688516
1435;58.9055507848384
1436;58.9086003796307
1437;58.9116414769722
1438;58.9146741005403
1439;58.9176982739465
1440;58.9207140207365
1441;58.9237213643904
1442;58.9267203283229
1443;58.9297109358834
1444;58.9326932103562
1445;58.9356671749609
1446;58.9386328528522
1447;58.9415902671203
1448;58.9445394407912
1449;58.9474803968267
1450;58.9504131581245
1451;58.9533377475186
1452;58.9562541877793
1453;58.9591625016137
1454;58.9620627116652
1455;58.9649548405145
1456;58.9678389106791
1457;58.970714944614
1458;58.9735829647114
1459;58.9764429933013
1460;58.9792950526514
1461;58.9821391649672
1462;58.9849753523926
1463;58.9878036370097
1464;58.990624040839
1465;58.9934365858396
1466;58.9962412939095
1467;58.9990381868859
1468;59.0018272865446
1469;59.0046086146014
1470;59.0073821927109
1471;59.010148042468
1472;59.0129061854069
1473;59.0156566430022
1474;59.0183994366684
1475;59.0211345877605
1476;59.0238621175738
1477;59.0265820473445
1478;59.0292943982494
1479;59.0319991914065
1480;59.0346964478748
1481;59.0373861886547
1482;59.0400684346881
1483;59.0427432068584
1484;59.045410525991
1485;59.0480704128532
1486;59.0507228881543
1487;59.0533679725462
1488;59.056005686623
1489;59.0586360509215
1490;59.0612590859212
1491;59.0638748120446
1492;59.0664832496574
1493;59.0690844190684
1494;59.0716783405299
1495;59.0742650342376
1496;59.0768445203312
1497;59.079416818894
1498;59.0819819499537
1499;59.0845399334817
1500;59.0870907893942
1501;59.0896345375516
1502;59.0921711977593
1503;59.0947007897671
1504;59.09722333327
1505;59.0997388479082
1506;59.1022473532669
1507;59.1047488688771
1508;59.107243414215
1509;59.1097310087028
1510;59.1122116717085
1511;59.114685422546
1512;59.1171522804756
1513;59.1196122647037
1514;59.1220653943836
1515;59.1245116886146
1516;59.1269511664434
1517;59.1293838468633
1518;59.1318097488146
1519;59.1342288911851
1520;59.1366412928098
1521;59.1390469724711
1522;59.1414459488995
1523;59.1438382407727
1524;59.146223866717
1525;59.1486028453062
1526;59.1509751950627
1527;59.1533409344573
1528;59.1557000819091
1529;59.1580526557862
1530;59.1603986744052
1531;59.1627381560318
1532;59.1650711188809
1533;59.1673975811164
1534;59.1697175608519
1535;59.1720310761502
1536;59.1743381450241
1537;59.176638785436
1538;59.1789330152982
1539;59.1812208524733
1540;59.1835023147739
1541;59.1857774199632
1542;59.1880461857547
1543;59.1903086298126
1544;59.1925647697519
1545;59.1948146231386
1546;59.1970582074896
1547;59.1992955402731
1548;59.2015266389086
1549;59.203751520767
1550;59.2059702031709
1551;59.2081827033946
1552;59.2103890386641
1553;59.2125892261578
1554;59.2147832830058
1555;59.2169712262907
1556;59.2191530730474
1557;59.2213288402635
1558;59.2234985448791
1559;59.2256622037871
1560;59.2278198338334
1561;59.229971451817
1562;59.23211707449
1563;59.2342567185578
1564;59.2363904006793
1565;59.2385181374671
1566;59.2406399454873
1567;59.2427558412599
1568;59.244865841259
1569;59.2469699619126
1570;59.2490682196031
1571;59.2511606306672
1572;59.253247211396
1573;59.2553279780353
1574;59.2574029467855
1575;59.259472133802
1576;59.2615355551952
1577;59.2635932270304
1578;59.2656451653285
1579;59.2676913860654
1580;59.2697319051726
1581;59.2717667385373
1582;59.2737959020023
1583;59.2758194113664
1584;59.2778372823842
1585;59.2798495307666
1586;59.2818561721806
1587;59.2838572222496
1588;59.2858526965533
1589;59.2878426106282
1590;59.2898269799674
1591;59.291805820021
1592;59.2937791461957
1593;59.2957469738556
1594;59.2977093183219
1595;59.299666194873
1596;59.3016176187448
1597;59.3035636051309
1598;59.3055041691822
1599;59.3074393260078
1600;59.3093690906743
1601;59.3112934782067
1602;59.3132125035879
1603;59.315126181759
1604;59.3170345276197
1605;59.318937556028
1606;59.3208352818006
1607;59.3227277197127
1608;59.3246148844988
1609;59.3264967908517
1610;59.3283734534239
1611;59.3302448868266
1612;59.3321111056305
1613;59.3339721243657
1614;59.3358279575217
1615;59.3376786195477
1616;59.3395241248527
1617;59.3413644878055
1618;59.3431997227348
1619;59.3450298439295
1620;59.3468548656385
1621;59.3486748020711
1622;59.3504896673971
1623;59.3522994757468
1624;59.3541042412109
1625;59.355903977841
1626;59.3576986996497
1627;59.3594884206102
1628;59.3612731546571
1629;59.3630529156861
1630;59.3648277175539
1631;59.3665975740789
1632;59.3683624990409
1633;59.3701225061814
1634;59.3718776092034
1635;59.3736278217718
1636;59.3753731575136
1637;59.3771136300175
1638;59.3788492528347
1639;59.3805800394784
1640;59.3823060034242
1641;59.3840271581101
1642;59.3857435169368
1643;59.3874550932676
1644;59.3891619004284
1645;59.3908639517083
1646;59.392561260359
1647;59.3942538395956
1648;59.3959417025961
1649;59.397624862502
1650;59.3993033324181
1651;59.4009771254126
1652;59.4026462545175
1653;59.4043107327282
1654;59.4059705730041
1655;59.4076257882685
1656;59.4092763914086
1657;59.4109223952756
1658;59.4125638126852
1659;59.414200656417
1660;59.4158329392153
1661;59.4174606737888
1662;59.4190838728106
1663;59.4207025489188
1664;59.4223167147162
1665;59.4239263827702
1666;59.4255315656135
1667;59.4271322757439
1668;59.428728525624
1669;59.4303203276822
1670;59.4319076943118
1671;59.4334906378719
1672;59.435069170687
1673;59.4366433050472
1674;59.4382130532085
1675;59.4397784273927
1676;59.4413394397875
1677;59.4428961025467
1678;59.4444484277902
1679;59.4459964276042
1680;59.447540114041
1681;59.4490794991197
1682;59.4506145948255
1683;59.4521454131105
1684;59.4536719658934
1685;59.4551942650596
1686;59.4567123224615
1687;59.4582261499185
1688;59.4597357592169
1689;59.4612411621102
1690;59.4627423703194
1691;59.4642393955326
1692;59.4657322494052
1693;59.4672209435606
1694;59.4687054895892
1695;59.4701858990497
1696;59.4716621834682
1697;59.4731343543387
1698;59.4746024231235
1699;59.4760664012525
1700;59.4775263001241
1701;59.4789821311048
1702;59.4804339055295
1703;59.4818816347014
1704;59.4833253298923
1705;59.4847650023426
1706;59.4862006632612
1707;59.4876323238261
1708;59.4890599951838
1709;59.4904836884501
1710;59.4919034147094
1711;59.4933191850157
1712;59.4947310103917
1713;59.4961389018297
1714;59.4975428702914
1715;59.4989429267078
1716;59.5003390819795
1717;59.5017313469768
1718;59.5031197325395
1719;59.5045042494773
1720;59.50588490857
1721;59.5072617205671
1722;59.5086346961882
1723;59.510003846123
1724;59.5113691810316
1725;59.5127307115441
1726;59.5140884482613
1727;59.5154424017543
1728;59.5167925825646
1729;59.5181390012046
1730;59.5194816681572
1731;59.5208205938763
1732;59.5221557887864
1733;59.5234872632832
1734;59.5248150277333
1735;59.5261390924745
1736;59.5274594678157
1737;59.5287761640371
1738;59.5300891913902
1739;59.5313985600982
1740;59.5327042803555
1741;59.5340063623282
1742;59.5353048161541
1743;59.5365996519427
1744;59.5378908797755
1745;59.5391785097057
1746;59.5404625517586
1747;59.5417430159314
1748;59.5430199121937
1749;59.5442932504873
1750;59.5455630407259
1751;59.5468292927961
1752;59.5480920165567
1753;59.549351221839
1754;59.5506069184469
1755;59.5518591161571
1756;59.5531078247191
1757;59.554353053855
1758;59.5555948132599
1759;59.5568331126021
1760;59.5580679615226
1761;59.5592993696358
1762;59.5605273465293
1763;59.5617519017639
1764;59.5629730448737
1765;59.5641907853663
1766;59.565405132723
1767;59.5666160963982
1768;59.5678236858206
1769;59.569027910392
1770;59.5702287794884
1771;59.5714263024596
1772;59.5726204886293
1773;59.5738113472951
1774;59.574998887729
1775;59.5761831191769
1776;59.577364050859
1777;59.5785416919699
1778;59.5797160516784
1779;59.580887139128
1780;59.5820549634365
1781;59.5832195336964
1782;59.5843808589749
1783;59.5855389483138
1784;59.5866938107298
1785;59.5878454552145
1786;59.5889938907344
1787;59.590139126231
1788;59.5912811706209
1789;59.5924200327959
1790;59.5935557216229
1791;59.5946882459443
1792;59.5958176145777
1793;59.5969438363161
1794;59.5980669199282
1795;59.599186874158
1796;59.6003037077254
1797;59.6014174293257
1798;59.6025280476303
1799;59.6036355712863
1800;60
1801;60
1802;60
1803;60
1804;60
1805;60
1806;60
1807;60
1808;60
1809;60
1810;60
1811;60
1812;60
1813;60
1814;60
1815;60
1816;60
1817;60
1818;60
1819;60
1820;60
1821;60
1822;60
1823;60
1824;60
1825;60
1826;60
1827;60
1828;60
1829;60
1830;60
1831;60
1832;60
1833;60
1834;60
1835;60
1836;60
1837;60
1838;60
1839;60
1840;60
1841;60
1842;60
1843;60
1844;60
1845;60
1846;60
1847;60
1848;60
1849;60
1850;60
1851;60
1852;60
1853;60
1854;60
1855;60
1856;60
1857;60
1858;60
1859;60
1860;60
1861;60
1862;60
1863;60
1864;60
1865;60
1866;60
1867;60
1868;60
1869;60
1870;60
1871;60
1872;60
1873;60
1874;60
1875;60
1876;60
1877;60
1878;60
1879;60
1880;60
1881;60
1882;60
1883;60
1884;60
1885;60
1886;60
1887;60
1888;60
1889;60
1890;60
1891;60
1892;60
1893;60
1894;60
1895;60
1896;60
1897;60
1898;60
1899;60
1900;60
1901;60
1902;60
1903;60
1904;60
1905;60
1906;60
1907;60
1908;60
1909;60
1910;60
1911;60
1912;60
1913;60
1914;60
1915;60
1916;60
1917;60
1918;60
1919;60
1920;60
1921;60
1922;60
1923;60
1924;60
1925;60
1926;60
1927;60
1928;60
1929;60
1930;60
1931;60
1932;60
1933;60
1934;60
1935;60
1936;60
1937;60
1938;60
1939;60
1940;60
1941;60
1942;60
1943;60
1944;60
1945;60
1946;60
1947;60
1948;60
1949;60
1950;60
1951;60
1952;60
1953;60
1954;60
1955;60
1956;60
1957;60
1958;60
1959;60
1960;60
1961;60
1962;60
1963;60
1964;60
1965;60
1966;60
1967;60
1968;60
1969;60
1970;60
1971;60
1972;60
1973;60
1974;60
1975;60
1976;60
1977;60
1978;60
1979;60
1980;60
1981;60
1982;60
1983;60
1984;60
1985;60
1986;60
1987;60
1988;60
1989;60
1990;60
1991;60
1992;60
1993;60
1994;60
1995;60
1996;60
1997;60
1998;60
1999;60
2000;60
2001;60
2002;60
2003;60
2004;60
2005;60
2006;60
2007;60
2008;60
2009;60
2010;60
2011;60
2012;60
2013;60
2014;60
2015;60
2016;60
2017;60
2018;60
2019;60
2020;60
2021;60
2022;60
2023;60
2024;60
2025;60
2026;60
2027;60
2028;60
2029;60
2030;60
2031;60
2032;60
2033;60
2034;60
2035;60
2036;60
2037;60
2038;60
2039;60
2040;60
2041;60
2042;60
2043;60
2044;60
2045;60
2046;60
2047;60
2048;60
2049;60
2050;60
2051;60
2052;60
2053;60
2054;60
2055;60
2056;60
2057;60
2058;60
2059;60
2060;60
2061;60
2062;60
2063;60
2064;60
2065;60
2066;60
2067;60
2068;60
2069;60
2070;60
2071;60
2072;60
2073;60
2074;60
2075;60
2076;60
2077;60
2078;60
2079;60
2080;60
2081;60
2082;60
2083;60
2084;60
2085;60
2086;60
2087;60
2088;60
2089;60
2090;60
2091;60
2092;60
2093;60
2094;60
2095;60
2096;60
2097;60
2098;60
2099;60
2100;60
2101;60
2102;60
2103;60
2104;60
2105;60
2106;60
2107;60
2108;60
2109;60
2110;60
2111;60
2112;60
2113;60
2114;60
2115;60
2116;60
2117;60
2118;60
2119;60
2120;60
2121;60
2122;60
2123;60
2124;60
2125;60
2126;60
2127;60
2128;60
2129;60
2130;60
2131;60
2132;60
2133;60
2134;60
2135;60
2136;60
2137;60
2138;60
2139;60
2140;60
2141;60
2142;60
2143;60
2144;60
2145;60
2146;60
2147;60
2148;60
2149;60
2150;60
2151;60
2152;60
2153;60
2154;60
2155;60
2156;60
2157;60
2158;60
2159;60
2160;60
2161;60
2162;60
2163;60
2164;60
2165;60
2166;60
2167;60
2168;60
2169;60
2170;60
2171;60
2172;60
2173;60
2174;60
2175;60
2176;60
2177;60
2178;60
2179;60
2180;60
2181;60
2182;60
2183;60
2184;60
2185;60
2186;60
2187;60
2188;60
2189;60
2190;60
2191;60
2192;60
2193;60
2194;60
2195;60
2196;60
2197;60
2198;60
2199;60
2200;60
2201;60
2202;60
2203;60
2204;60
2205;60
2206;60
2207;60
2208;60
2209;60
2210;60
2211;60
2212;60
2213;60
2214;60
2215;60
2216;60
2217;60
2218;60
2219;60
2220;60
2221;60
2222;60
2223;60
2224;60
2225;60
2226;60
2227;60
2228;60
2229;60
2230;60
2231;60
2232;60
2233;60
2234;60
2235;60
2236;60
2237;60
2238;60
2239;60
2240;60
2241;60
2242;60
2243;60
2244;60
2245;60
2246;60
2247;60
2248;60
2249;60
2250;60
2251;60
2252;60
2253;60
2254;60
2255;60
2256;60
2257;60
2258;60
2259;60
2260;60
2261;60
2262;60
2263;60
2264;60
2265;60
2266;60
2267;60
2268;60
2269;60
2270;60
2271;60
2272;60
2273;60
2274;60
2275;60
2276;60
2277;60
2278;60
2279;60
2280;60
2281;60
2282;60
2283;60
2284;60
2285;60
2286;60
2287;60
2288;60
2289;60
2290;60
2291;60
2292;60
2293;60
2294;60
2295;60
2296;60
2297;60
2298;60
2299;60
2300;60
2301;60
2302;60
2303;60
2304;60
2305;60
2306;60
2307;60
2308;60
2309;60
2310;60
2311;60
2312;60
2313;60
2314;60
2315;60
2316;60
2317;60
2318;60
2319;60
2320;60
2321;60
2322;60
2323;60
2324;60
2325;60
2326;60
2327;60
2328;60
2329;60
2330;60
2331;60
2332;60
2333;60
2334;60
2335;60
2336;60
2337;60
2338;60
2339;60
2340;60
2341;60
2342;60
2343;60
2344;60
2345;60
2346;60
2347;60
2348;60
2349;60
2350;60
2351;60
2352;60
2353;60
2354;60
2355;60
2356;60
2357;60
2358;60
2359;60
2360;60
2361;60
2362;60
2363;60
2364;60
2365;60
2366;60
2367;60
2368;60
2369;60
2370;60
2371;60
2372;60
2373;60
2374;60
2375;60
2376;60
2377;60
2378;60
2379;60
2380;60
2381;60
2382;60
2383;60
2384;60
2385;60
2386;60
2387;60
2388;60
2389;60
2390;60
2391;60
2392;60
2393;60
2394;60
2395;60
2396;60
2397;60
2398;60
2399;60
2400;60
2401;60
2402;60
2403;60
2404;60
2405;60
2406;60
2407;60
2408;60
2409;60
2410;60
2411;60
2412;60
2413;60
2414;60
2415;60
2416;60
2417;60
2418;60
2419;60
2420;60
2421;60
2422;60
2423;60
2424;60
2425;60
2426;60
2427;60
2428;60
2429;60
2430;60
2431;60
2432;60
2433;60
2434;60
2435;60
2436;60
2437;60
2438;60
2439;60
2440;60
2441;60
2442;60
2443;60
2444;60
2445;60
2446;60
2447;60
2448;60
2449;60
2450;60
2451;60
2452;60
2453;60
2454;60
2455;60
2456;60
2457;60
2458;60
2459;60
2460;60
2461;60
2462;60
2463;60
2464;60
2465;60
2466;60
2467;60
2468;60
2469;60
2470;60
2471;60
2472;60
2473;60
2474;60
2475;60
2476;60
2477;60
2478;60
2479;60
2480;60
2481;60
2482;60
2483;60
2484;60
2485;60
2486;60
2487;60
2488;60
2489;60
2490;60
2491;60
2492;60
2493;60
2494;60
2495;60
2496;60
2497;60
2498;60
2499;60
2500;60
2501;60
2502;60
2503;60
2504;60
2505;60
2506;60
2507;60
2508;60
2509;60
2510;60
2511;60
2512;60
2513;60
2514;60
2515;60
2516;60
2517;60
2518;60
2519;60
2520;60
2521;60
2522;60
2523;60
2524;60
2525;60
2526;60
2527;60
2528;60
2529;60
2530;60
2531;60
2532;60
2533;60
2534;60
2535;60
2536;60
2537;60
2538;60
2539;60
2540;60
2541;60
2542;60
2543;60
2544;60
2545;60
2546;60
2547;60
2548;60
2549;60
2550;60
2551;60
2552;60
2553;60
2554;60
2555;60
2556;60
2557;60
2558;60
2559;60
2560;60
2561;60
2562;60
2563;60
2564;60
2565;60
2566;60
2567;60
2568;60
2569;60
2570;60
2571;60
2572;60
2573;60
2574;60
2575;60
2576;60
2577;60
2578;60
2579;60
2580;60
2581;60
2582;60
2583;60
2584;60
2585;60
2586;60
2587;60
2588;60
2589;60
2590;60
2591;60
2592;60
2593;60
2594;60
2595;60
2596;60
2597;60
2598;60
2599;60
2600;60
2601;60
2602;60
2603;60
2604;60
2605;60
2606;60
2607;60
2608;60
2609;60
2610;60
2611;60
2612;60
2613;60
2614;60
2615;60
2616;60
2617;60
2618;60
2619;60
2620;60
2621;60
2622;60
2623;60
2624;60
2625;60
2626;60
2627;60
2628;60
2629;60
2630;60
2631;60
2632;60
2633;60
2634;60
2635;60
2636;60
2637;60
2638;60
2639;60
2640;60
2641;60
2642;60
2643;60
2644;60
2645;60
2646;60
2647;60
2648;60
2649;60
2650;60
2651;60
2652;60
2653;60
2654;60
2655;60
2656;60
2657;60
2658;60
2659;60
2660;60
2661;60
2662;60
2663;60
2664;60
2665;60
2666;60
2667;60
2668;60
2669;60
2670;60
2671;60
2672;60
2673;60
2674;60
2675;60
2676;60
2677;60
2678;60
2679;60
2680;60
2681;60
2682;60
2683;60
2684;60
2685;60
2686;60
2687;60
2688;60
2689;60
2690;60
2691;60
2692;60
2693;60
2694;60
2695;60
2696;60
2697;60
2698;60
2699;60
2700;60
2701;60
2702;60
2703;60
2704;60
2705;60
2706;60
2707;60
2708;60
2709;60
2710;60
2711;60
2712;60
2713;60
2714;60
2715;60
2716;60
2717;60
2718;60
2719;60
2720;60
2721;60
2722;60
2723;60
2724;60
2725;60
2726;60
2727;60
2728;60
2729;60
2730;60
2731;60
2732;60
2733;60
2734;60
2735;60
2736;60
2737;60
2738;60
2739;60
2740;60
2741;60
2742;60
2743;60
2744;60
2745;60
2746;60
2747;60
2748;60
2749;60
2750;60
2751;60
2752;60
2753;60
2754;60
2755;60
2756;60
2757;60
2758;60
2759;60
2760;60
2761;60
2762;60
2763;60
2764;60
2765;60
2766;60
2767;60
2768;60
2769;60
2770;60
2771;60
2772;60
2773;60
2774;60
2775;60
2776;60
2777;60
2778;60
2779;60
2780;60
2781;60
2782;60
2783;60
2784;60
2785;60
2786;60
2787;60
2788;60
2789;60
2790;60
2791;60
2792;60
2793;60
2794;60
2795;60
2796;60
2797;60
2798;60
2799;60
2800;60
2801;60
2802;60
2803;60
2804;60
2805;60
2806;60
2807;60
2808;60
2809;60
2810;60
2811;60
2812;60
2813;60
2814;60
2815;60
2816;60
2817;60
2818;60
2819;60
2820;60
2821;60
2822;60
2823;60
2824;60
2825;60
2826;60
2827;60
2828;60
2829;60
2830;60
2831;60
2832;60
2833;60
2834;60
2835;60
2836;60
2837;60
2838;60
2839;60
2840;60
2841;60
2842;60
2843;60
2844;60
2845;60
2846;60
2847;60
2848;60
2849;60
2850;60
2851;60
2852;60
2853;60
2854;60
2855;60
2856;60
2857;60
2858;60
2859;60
2860;60
2861;60
2862;60
2863;60
2864;60
2865;60
2866;60
2867;60
2868;60
2869;60
2870;60
2871;60
2872;60
2873;60
2874;60
2875;60
2876;60
2877;60
2878;60
2879;60
2880;60
2881;60
2882;60
2883;60
2884;60
2885;60
2886;60
2887;60
2888;60
2889;60
2890;60
2891;60
2892;60
2893;60
2894;60
2895;60
2896;60
2897;60
2898;60
2899;60
2900;60
2901;60
2902;60
2903;60
2904;60
2905;60
2906;60
2907;60
2908;60
2909;60
2910;60
2911;60
2912;60
2913;60
2914;60
2915;60
2916;60
2917;60
2918;60
2919;60
2920;60
2921;60
2922;60
2923;60
2924;60
2925;60
2926;60
2927;60
2928;60
2929;60
2930;60
2931;60
2932;60
2933;60
2934;60
2935;60
2936;60
2937;60
2938;60
2939;60
2940;60
2941;60
2942;60
2943;60
2944;60
2945;60
2946;60
2947;60
2948;60
2949;60
2950;60
2951;60
2952;60
2953;60
2954;60
2955;60
2956;60
2957;60
2958;60
2959;60
2960;60
2961;60
2962;60
2963;60
2964;60
2965;60
2966;60
2967;60
2968;60
2969;60
2970;60
2971;60
2972;60
2973;60
2974;60
2975;60
2976;60
2977;60
2978;60
2979;60
2980;60
2981;60
2982;60
2983;60
2984;60
2985;60
2986;60
2987;60
2988;60
2989;60
2990;60
2991;60
2992;60
2993;60
2994;60
2995;60
2996;60
2997;60
2998;60
2999;60
3000;60
3001;100
3002;100
3003;100
3004;100
3005;100
3006;100
3007;100
3008;100
3009;100
3010;100
3011;100
3012;100
3013;100
3014;100
3015;100
3016;100
3017;100
3018;100
3019;100
3020;100
3021;100
3022;100
3023;100
3024;100
3025;100
3026;100
3027;100
3028;100
3029;100
3030;100
3031;100
3032;100
3033;100
3034;100
3035;100
3036;100
3037;100
3038;100
3039;100
3040;100
3041;100
3042;100
3043;100
3044;100
3045;100
3046;100
3047;100
3048;100
3049;100
3050;100
3051;100
3052;100
3053;100
3054;100
3055;100
3056;100
3057;100
3058;100
3059;100
3060;100
3061;100
3062;100
3063;100
3064;100
3065;100
3066;100
3067;100
3068;100
3069;100
3070;100
3071;100
3072;100
3073;100
3074;100
3075;100
3076;100
3077;100
3078;100
3079;100
3080;100
3081;100
3082;100
3083;100
3084;100
3085;100
3086;100
3087;100
3088;100
3089;100
3090;100
3091;100
3092;100
3093;100
3094;100
3095;100
3096;100
3097;100
3098;100
3099;100
3100;100
3101;100
3102;100
3103;100
3104;100
3105;100
3106;100
3107;100
3108;100
3109;100
3110;100
3111;100
3112;100
3113;100
3114;100
3115;100
3116;100
3117;100
3118;100
3119;100
3120;100
3121;100
3122;100
3123;100
3124;100
3125;100
3126;100
3127;100
3128;100
3129;100
3130;100
3131;100
3132;100
3133;100
3134;100
3135;100
3136;100
3137;100
3138;100
3139;100
3140;100
3141;100
3142;100
3143;100
3144;100
3145;100
3146;100
3147;100
3148;100
3149;100
3150;100
3151;100
3152;100
3153;100
3154;100
3155;100
3156;100
3157;100
3158;100
3159;100
3160;100
3161;100
3162;100
3163;100
3164;100
3165;100
3166;100
3167;100
3168;100
3169;100
3170;100
3171;100
3172;100
3173;100
3174;100
3175;100
3176;100
3177;100
3178;100
3179;100
3180;100
3181;100
3182;100
3183;100
3184;100
3185;100
3186;100
3187;100
3188;100
3189;100
3190;100
3191;100
3192;100
3193;100
3194;100
3195;100
3196;100
3197;100
3198;100
3199;100
3200;100
3201;100
3202;100
3203;100
3204;100
3205;100
3206;100
3207;100
3208;100
3209;100
3210;100
3211;100
3212;100
3213;100
3214;100
3215;100
3216;100
3217;100
3218;100
3219;100
3220;100
3221;100
3222;100
3223;100
3224;100
3225;100
3226;100
3227;100
3228;100
3229;100
3230;100
3231;100
3232;100
3233;100
3234;100
3235;100
3236;100
3237;100
3238;100
3239;100
3240;100
3241;100
3242;100
3243;100
3244;100
3245;100
3246;100
3247;100
3248;100
3249;100
3250;100
3251;100
3252;100
3253;100
3254;100
3255;100
3256;100
3257;100
3258;100
3259;100
3260;100
3261;100
3262;100
3263;100
3264;100
3265;100
3266;100
3267;100
3268;100
3269;100
3270;100
3271;100
3272;100
3273;100
3274;100
3275;100
3276;100
3277;100
3278;100
3279;100
3280;100
3281;100
3282;100
3283;100
3284;100
3285;100
3286;100
3287;100
3288;100
3289;100
3290;100
3291;100
3292;100
3293;100
3294;100
3295;100
3296;100
3297;100
3298;100
3299;100
3300;100
3301;100
3302;100
3303;100
3304;100
3305;100
3306;100
3307;100
3308;100
3309;100
3310;100
3311;100
3312;100
3313;100
3314;100
3315;100
3316;100
3317;100
3318;100
3319;100
3320;100
3321;100
3322;100
3323;100
3324;100
3325;100
3326;100
3327;100
3328;100
3329;100
3330;100
3331;100
3332;100
3333;100
3334;100
3335;100
3336;100
3337;100
3338;100
3339;100
3340;100
3341;100
3342;100
3343;100
3344;100
3345;100
3346;100
3347;100
3348;100
3349;100
3350;100
3351;100
3352;100
3353;100
3354;100
3355;100
3356;100
3357;100
3358;100
3359;100
3360;100
3361;100
3362;100
3363;100
3364;100
3365;100
3366;100
3367;100
3368;100
3369;100
3370;100
3371;100
3372;100
3373;100
3374;100
3375;100
3376;100
3377;100
3378;100
3379;100
3380;100
3381;100
3382;100
3383;100
3384;100
3385;100
3386;100
3387;100
3388;100
3389;100
3390;100
3391;100
3392;100
3393;100
3394;100
3395;100
3396;100
3397;100
3398;100
3399;100
3400;100
3401;100
3402;100
3403;100
3404;100
3405;100
3406;100
3407;100
3408;100
3409;100
3410;100
3411;100
3412;100
3413;100
3414;100
3415;100
3416;100
3417;100
3418;100
3419;100
3420;100
3421;100
3422;100
3423;100
3424;100
3425;100
3426;100
3427;100
3428;100
3429;100
3430;100
3431;100
3432;100
3433;100
3434;100
3435;100
3436;100
3437;100
3438;100
3439;100
3440;100
3441;100
3442;100
3443;100
3444;100
3445;100
3446;100
3447;100
3448;100
3449;100
3450;100
3451;100
3452;100
3453;100
3454;100
3455;100
3456;100
3457;100
3458;100
3459;100
3460;100
3461;100
3462;100
3463;100
3464;100
3465;100
3466;100
3467;100
3468;100
3469;100
3470;100
3471;100
3472;100
3473;100
3474;100
3475;100
3476;100
3477;100
3478;100
3479;100
3480;100
3481;100
3482;100
3483;100
3484;100
3485;100
3486;100
3487;100
3488;100
3489;100
3490;100
3491;100
3492;100
3493;100
3494;100
3495;100
3496;100
3497;100
3498;100
3499;100
3500;100
3501;100
3502;100
3503;100
3504;100
3505;100
3506;100
3507;100
3508;100
3509;100
3510;100
3511;100
3512;100
3513;100
3514;100
3515;100
3516;100
3517;100
3518;100
3519;100
3520;100
3521;100
3522;100
3523;100
3524;100
3525;100
3526;100
3527;100
3528;100
3529;100
3530;100
3531;100
3532;100
3533;100
3534;100
3535;100
3536;100
3537;100
3538;100
3539;100
3540;100
3541;100
3542;100
3543;100
3544;100
3545;100
3546;100
3547;100
3548;100
3549;100
3550;100
3551;100
3552;100
3553;100
3554;100
3555;100
3556;100
3557;100
3558;100
3559;100
3560;100
3561;100
3562;100
3563;100
3564;100
3565;100
3566;100
3567;100
3568;100
3569;100
3570;100
3571;100
3572;100
3573;100
3574;100
3575;100
3576;100
3577;100
3578;100
3579;100
3580;100
3581;100
3582;100
3583;100
3584;100
3585;100
3586;100
3587;100
3588;100
3589;100
3590;100
3591;100
3592;100
3593;100
3594;100
3595;100
3596;100
3597;100
3598;100
3599;100
3600;100
3601;100
3602;100
3603;100
3604;100
3605;100
3606;100
3607;100
3608;100
3609;100
3610;100
3611;100
3612;100
3613;100
3614;100
3615;100
3616;100
3617;100
3618;100
3619;100
3620;100
3621;100
3622;100
3623;100
3624;100
3625;100
3626;100
3627;100
3628;100
3629;100
3630;100
3631;100
3632;100
3633;100
3634;100
3635;100
3636;100
3637;100
3638;100
3639;100
3640;100
3641;100
3642;100
3643;100
3644;100
3645;100
3646;100
3647;100
3648;100
3649;100
3650;100
3651;100
3652;100
3653;100
3654;100
3655;100
3656;100
3657;100
3658;100
3659;100
3660;100
3661;100
3662;100
3663;100
3664;100
3665;100
3666;100
3667;100
3668;100
3669;100
3670;100
3671;100
3672;100
3673;100
3674;100
3675;100
3676;100
3677;100
3678;100
3679;100
3680;100
3681;100
3682;100
3683;100
3684;100
3685;100
3686;100
3687;100
3688;100
3689;100
3690;100
3691;100
3692;100
3693;100
3694;100
3695;100
3696;100
3697;100
3698;100
3699;100
3700;100
3701;100
3702;100
3703;100
3704;100
3705;100
3706;100
3707;100
3708;100
3709;100
3710;100
3711;100
3712;100
3713;100
3714;100
3715;100
3716;100
3717;100
3718;100
3719;100
3720;100
3721;100
3722;100
3723;100
3724;100
3725;100
3726;100
3727;100
3728;100
3729;100
3730;100
3731;100
3732;100
3733;100
3734;100
3735;100
3736;100
3737;100
3738;100
3739;100
3740;100
3741;100
3742;100
3743;100
3744;100
3745;100
3746;100
3747;100
3748;100
3749;100
3750;100
3751;100
3752;100
3753;100
3754;100
3755;100
3756;100
3757;100
3758;100
3759;100
3760;100
3761;100
3762;100
3763;100
3764;100
3765;100
3766;100
3767;100
3768;100
3769;100
3770;100
3771;100
3772;100
3773;100
3774;100
3775;100
3776;100
3777;100
3778;100
3779;100
3780;100
3781;100
3782;100
3783;100
3784;100
3785;100
3786;100
3787;100
3788;100
3789;100
3790;100
3791;100
3792;100
3793;100
3794;100
3795;100
3796;100
3797;100
3798;100
3799;100
3800;100
3801;100
3802;100
3803;100
3804;100
3805;100
3806;100
3807;100
3808;100
3809;100
3810;100
3811;100
3812;100
3813;100
3814;100
3815;100
3816;100
3817;100
3818;100
3819;100
3820;100
3821;100
3822;100
3823;100
3824;100
3825;100
3826;100
3827;100
3828;100
3829;100
3830;100
3831;100
3832;100
3833;100
3834;100
3835;100
3836;100
3837;100
3838;100
3839;100
3840;100
3841;100
3842;100
3843;100
3844;100
3845;100
3846;100
3847;100
3848;100
3849;100
3850;100
3851;100
3852;100
3853;100
3854;100
3855;100
3856;100
3857;100
3858;100
3859;100
3860;100
3861;100
3862;100
3863;100
3864;100
3865;100
3866;100
3867;100
3868;100
3869;100
3870;100
3871;100
3872;100
3873;100
3874;100
3875;100
3876;100
3877;100
3878;100
3879;100
3880;100
3881;100
3882;100
3883;100
3884;100
3885;100
3886;100
3887;100
3888;100
3889;100
3890;100
3891;100
3892;100
3893;100
3894;100
3895;100
3896;100
3897;100
3898;100
3899;100
3900;100
3901;100
3902;100
3903;100
3904;100
3905;100
3906;100
3907;100
3908;100
3909;100
3910;100
3911;100
3912;100
3913;100
3914;100
3915;100
3916;100
3917;100
3918;100
3919;100
3920;100
3921;100
3922;100
3923;100
3924;100
3925;100
3926;100
3927;100
3928;100
3929;100
3930;100
3931;100
3932;100
3933;100
3934;100
3935;100
3936;100
3937;100
3938;100
3939;100
3940;100
3941;100
3942;100
3943;100
3944;100
3945;100
3946;100
3947;100
3948;100
3949;100
3950;100
3951;100
3952;100
3953;100
3954;100
3955;100
3956;100
3957;100
3958;100
3959;100
3960;100
3961;100
3962;100
3963;100
3964;100
3965;100
3966;100
3967;100
3968;100
3969;100
3970;100
3971;100
3972;100
3973;100
3974;100
3975;100
3976;100
3977;100
3978;100
3979;100
3980;100
3981;100
3982;100
3983;100
3984;100
3985;100
3986;100
3987;100
3988;100
3989;100
3990;100
3991;100
3992;100
3993;100
3994;100
3995;100
3996;100
3997;100
3998;100
3999;100
4000;100
4001;100
4002;100
4003;100
4004;100
4005;100
4006;100
4007;100
4008;100
4009;100
4010;100
4011;100
4012;100
4013;100
4014;100
4015;100
4016;100
4017;100
4018;100
4019;100
4020;100
4021;100
4022;100
4023;100
4024;100
4025;100
4026;100
4027;100
4028;100
4029;100
4030;100
4031;100
4032;100
4033;100
4034;100
4035;100
4036;100
4037;100
4038;100
4039;100
4040;100
4041;100
4042;100
4043;100
4044;100
4045;100
4046;100
4047;100
4048;100
4049;100
4050;100
4051;100
4052;100
4053;100
4054;100
4055;100
4056;100
4057;100
4058;100
4059;100
4060;100
4061;100
4062;100
4063;100
4064;100
4065;100
4066;100
4067;100
4068;100
4069;100
4070;100
4071;100
4072;100
4073;100
4074;100
4075;100
4076;100
4077;100
4078;100
4079;100
4080;100
4081;100
4082;100
4083;100
4084;100
4085;100
4086;100
4087;100
4088;100
4089;100
4090;100
4091;100
4092;100
4093;100
4094;100
4095;100
4096;100
4097;100
4098;100
4099;100
4100;100
4101;100
4102;100
4103;100
4104;100
4105;100
4106;100
4107;100
4108;100
4109;100
4110;100
4111;100
4112;100
4113;100
4114;100
4115;100
4116;100
4117;100
4118;100
4119;100
4120;100
4121;100
4122;100
4123;100
4124;100
4125;100
4126;100
4127;100
4128;100
4129;100
4130;100
4131;100
4132;100
4133;100
4134;100
4135;100
4136;100
4137;100
4138;100
4139;100
4140;100
4141;100
4142;100
4143;100
4144;100
4145;100
4146;100
4147;100
4148;100
4149;100
4150;100
4151;100
4152;100
4153;100
4154;100
4155;100
4156;100
4157;100
4158;100
4159;100
4160;100
4161;100
4162;100
4163;100
4164;100
4165;100
4166;100
4167;100
4168;100
4169;100
4170;100
4171;100
4172;100
4173;100
4174;100
4175;100
4176;100
4177;100
4178;100
4179;100
4180;100
4181;100
4182;100
4183;100
4184;100
4185;100
4186;100
4187;100
4188;100
4189;100
4190;100
4191;100
4192;100
4193;100
4194;100
4195;100
4196;100
4197;100
4198;100
4199;100
4200;100
4201;100
4202;100
4203;100
4204;100
4205;100
4206;100
4207;100
4208;100
4209;100
4210;100
4211;100
4212;100
4213;100
4214;100
4215;100
4216;100
4217;100
4218;100
4219;100
4220;100
4221;100
4222;100
4223;100
4224;100
4225;100
4226;100
4227;100
4228;100
4229;100
4230;100
4231;100
4232;100
4233;100
4234;100
4235;100
4236;100
4237;100
4238;100
4239;100
4240;100
4241;100
4242;100
4243;100
4244;100
4245;100
4246;100
4247;100
4248;100
4249;100
4250;100
4251;100
4252;100
4253;100
4254;100
4255;100
4256;100
4257;100
4258;100
4259;100
4260;100
4261;100
4262;100
4263;100
4264;100
4265;100
4266;100
4267;100
4268;100
4269;100
4270;100
4271;100
4272;100
4273;100
4274;100
4275;100
4276;100
4277;100
4278;100
4279;100
4280;100
4281;100
4282;100
4283;100
4284;100
4285;100
4286;100
4287;100
4288;100
4289;100
4290;100
4291;100
4292;100
4293;100
4294;100
4295;100
4296;100
4297;100
4298;100
4299;100
4300;100
4301;100
4302;100
4303;100
4304;100
4305;100
4306;100
4307;100
4308;100
4309;100
4310;100
4311;100
4312;100
4313;100
4314;100
4315;100
4316;100
4317;100
4318;100
4319;100
4320;100
4321;100
4322;100
4323;100
4324;100
4325;100
4326;100
4327;100
4328;100
4329;100
4330;100
4331;100
4332;100
4333;100
4334;100
4335;100
4336;100
4337;100
4338;100
4339;100
4340;100
4341;100
4342;100
4343;100
4344;100
4345;100
4346;100
4347;100
4348;100
4349;100
4350;100
4351;100
4352;100
4353;100
4354;100
4355;100
4356;100
4357;100
4358;100
4359;100
4360;100
4361;100
4362;100
4363;100
4364;100
4365;100
4366;100
4367;100
4368;100
4369;100
4370;100
4371;100
4372;100
4373;100
4374;100
4375;100
4376;100
4377;100
4378;100
4379;100
4380;100
4381;100
4382;100
4383;100
4384;100
4385;100
4386;100
4387;100
4388;100
4389;100
4390;100
4391;100
4392;100
4393;100
4394;100
4395;100
4396;100
4397;100
4398;100
4399;100
4400;100
4401;100
4402;100
4403;100
4404;100
4405;100
4406;100
4407;100
4408;100
4409;100
4410;100
4411;100
4412;100
4413;100
4414;100
4415;100
4416;100
4417;100
4418;100
4419;100
4420;100
4421;100
4422;100
4423;100
4424;100
4425;100
4426;100
4427;100
4428;100
4429;100
4430;100
4431;100
4432;100
4433;100
4434;100
4435;100
4436;100
4437;100
4438;100
4439;100
4440;100
4441;100
4442;100
4443;100
4444;100
4445;100
4446;100
4447;100
4448;100
4449;100
4450;100
4451;100
4452;100
4453;100
4454;100
4455;100
4456;100
4457;100
4458;100
4459;100
4460;100
4461;100
4462;100
4463;100
4464;100
4465;100
4466;100
4467;100
4468;100
4469;100
4470;100
4471;100
4472;100
4473;100
4474;100
4475;100
4476;100
4477;100
4478;100
4479;100
4480;100
4481;100
4482;100
4483;100
4484;100
4485;100
4486;100
4487;100
4488;100
4489;100
4490;100
4491;100
4492;100
4493;100
4494;100
4495;100
4496;100
4497;100
4498;100
4499;100
4500;100
4501;100
4502;100
4503;100
4504;100
4505;100
4506;100
4507;100
4508;100
4509;100
4510;100
4511;100
4512;100
4513;100
4514;100
4515;100
4516;100
4517;100
4518;100
4519;100
4520;100
4521;100
4522;100
4523;100
4524;100
4525;100
4526;100
4527;100
4528;100
4529;100
4530;100
4531;100
4532;100
4533;100
4534;100
4535;100
4536;100
4537;100
4538;100
4539;100
4540;100
4541;100
4542;100
4543;100
4544;100
4545;100
4546;100
4547;100
4548;100
4549;100
4550;100
4551;100
4552;100
4553;100
4554;100
4555;100
4556;100
4557;100
4558;100
4559;100
4560;100
4561;100
4562;100
4563;100
4564;100
4565;100
4566;100
4567;100
4568;100
4569;100
4570;100
4571;100
4572;100
4573;100
4574;100
4575;100
4576;100
4577;100
4578;100
4579;100
4580;100
4581;100
4582;100
4583;100
4584;100
4585;100
4586;100
4587;100
4588;100
4589;100
4590;100
4591;100
4592;100
4593;100
4594;100
4595;100
4596;100
4597;100
4598;100
4599;100
4600;100
4601;100
4602;100
4603;100
4604;100
4605;100
4606;100
4607;100
4608;100
4609;100
4610;100
4611;100
4612;100
4613;100
4614;100
4615;100
4616;100
4617;100
4618;100
4619;100
4620;100
4621;100
4622;100
4623;100
4624;100
4625;100
4626;100
4627;100
4628;100
4629;100
4630;100
4631;100
4632;100
4633;100
4634;100
4635;100
4636;100
4637;100
4638;100
4639;100
4640;100
4641;100
4642;100
4643;100
4644;100
4645;100
4646;100
4647;100
4648;100
4649;100
4650;100
4651;100
4652;100
4653;100
4654;100
4655;100
4656;100
4657;100
4658;100
4659;100
4660;100
4661;100
4662;100
4663;100
4664;100
4665;100
4666;100
4667;100
4668;100
4669;100
4670;100
4671;100
4672;100
4673;100
4674;100
4675;100
4676;100
4677;100
4678;100
4679;100
4680;100
4681;100
4682;100
4683;100
4684;100
4685;100
4686;100
4687;100
4688;100
4689;100
4690;100
4691;100
4692;100
4693;100
4694;100
4695;100
4696;100
4697;100
4698;100
4699;100
4700;100
4701;100
4702;100
4703;100
4704;100
4705;100
4706;100
4707;100
4708;100
4709;100
4710;100
4711;100
4712;100
4713;100
4714;100
4715;100
4716;100
4717;100
4718;100
4719;100
4720;100
4721;100
4722;100
4723;100
4724;100
4725;100
4726;100
4727;100
4728;100
4729;100
4730;100
4731;100
4732;100
4733;100
4734;100
4735;100
4736;100
4737;100
4738;100
4739;100
4740;100
4741;100
4742;100
4743;100
4744;100
4745;100
4746;100
4747;100
4748;100
4749;100
4750;100
4751;100
4752;100
4753;100
4754;100
4755;100
4756;100
4757;100
4758;100
4759;100
4760;100
4761;100
4762;100
4763;100
4764;100
4765;100
4766;100
4767;100
4768;100
4769;100
4770;100
4771;100
4772;100
4773;100
4774;100
4775;100
4776;100
4777;100
4778;100
4779;100
4780;100
4781;100
4782;100
4783;100
4784;100
4785;100
4786;100
4787;100
4788;100
4789;100
4790;100
4791;100
4792;100
4793;100
4794;100
4795;100
4796;100
4797;100
4798;100
4799;100
4800;100
4801;100
4802;100
4803;100
4804;100
4805;100
4806;100
4807;100
4808;100
4809;100
4810;100
4811;100
4812;100
4813;100
4814;100
4815;100
4816;100
4817;100
4818;100
4819;100
4820;100
4821;100
4822;100
4823;100
4824;100
4825;100
4826;100
4827;100
4828;100
4829;100
4830;100
4831;100
4832;100
4833;100
4834;100
4835;100
4836;100
4837;100
4838;100
4839;100
4840;100
4841;100
4842;100
4843;100
4844;100
4845;100
4846;100
4847;100
4848;100
4849;100
4850;100
4851;100
4852;100
4853;100
4854;100
4855;100
4856;100
4857;100
4858;100
4859;100
4860;100
4861;100
4862;100
4863;100
4864;100
4865;100
4866;100
4867;100
4868;100
4869;100
4870;100
4871;100
4872;100
4873;100
4874;100
4875;100
4876;100
4877;100
4878;100
4879;100
4880;100
4881;100
4882;100
4883;100
4884;100
4885;100
4886;100
4887;100
4888;100
4889;100
4890;100
4891;100
4892;100
4893;100
4894;100
4895;100
4896;100
4897;100
4898;100
4899;100
4900;100
4901;100
4902;100
4903;100
4904;100
4905;100
4906;100
4907;100
4908;100
4909;100
4910;100
4911;100
4912;100
4913;100
4914;100
4915;100
4916;100
4917;100
4918;100
4919;100
4920;100
4921;100
4922;100
4923;100
4924;100
4925;100
4926;100
4927;100
4928;100
4929;100
4930;100
4931;100
4932;100
4933;100
4934;100
4935;100
4936;100
4937;100
4938;100
4939;100
4940;100
4941;100
4942;100
4943;100
4944;100
4945;100
4946;100
4947;100
4948;100
4949;100
4950;100
4951;100
4952;100
4953;100
4954;100
4955;100
4956;100
4957;100
4958;100
4959;100
4960;100
4961;100
4962;100
4963;100
4964;100
4965;100
4966;100
4967;100
4968;100
4969;100
4970;100
4971;100
4972;100
4973;100
4974;100
4975;100
4976;100
4977;100
4978;100
4979;100
4980;100
4981;100
4982;100
4983;100
4984;100
4985;100
4986;100
4987;100
4988;100
4989;100
4990;100
4991;100
4992;100
4993;100
4994;100
4995;100
4996;100
4997;100
4998;100
4999;100
5000;100
5001;100
5002;100
5003;100
5004;100
5005;100
5006;100
5007;100
5008;100
5009;100
5010;100
5011;100
5012;100
5013;100
5014;100
5015;100
5016;100
5017;100
5018;100
5019;100
5020;100
5021;100
5022;100
5023;100
5024;100
5025;100
5026;100
5027;100
5028;100
5029;100
5030;100
5031;100
5032;100
5033;100
5034;100
5035;100
5036;100
5037;100
5038;100
5039;100
5040;100
5041;100
5042;100
5043;100
5044;100
5045;100
5046;100
5047;100
5048;100
5049;100
5050;100
5051;100
5052;100
5053;100
5054;100
5055;100
5056;100
5057;100
5058;100
5059;100
5060;100
5061;100
5062;100
5063;100
5064;100
5065;100
5066;100
5067;100
5068;100
5069;100
5070;100
5071;100
5072;100
5073;100
5074;100
5075;100
5076;100
5077;100
5078;100
5079;100
5080;100
5081;100
5082;100
5083;100
5084;100
5085;100
5086;100
5087;100
5088;100
5089;100
5090;100
5091;100
5092;100
5093;100
5094;100
5095;100
5096;100
5097;100
5098;100
5099;100
5100;100
5101;100
5102;100
5103;100
5104;100
5105;100
5106;100
5107;100
5108;100
5109;100
5110;100
5111;100
5112;100
5113;100
5114;100
5115;100
5116;100
5117;100
5118;100
5119;100
5120;100
5121;100
5122;100
5123;100
5124;100
5125;100
5126;100
5127;100
5128;100
5129;100
5130;100
5131;100
5132;100
5133;100
5134;100
5135;100
5136;100
5137;100
5138;100
5139;100
5140;100
5141;100
5142;100
5143;100
5144;100
5145;100
5146;100
5147;100
5148;100
5149;100
5150;100
5151;100
5152;100
5153;100
5154;100
5155;100
5156;100
5157;100
5158;100
5159;100
5160;100
5161;100
5162;100
5163;100
5164;100
5165;100
5166;100
5167;100
5168;100
5169;100
5170;100
5171;100
5172;100
5173;100
5174;100
5175;100
5176;100
5177;100
5178;100
5179;100
5180;100
5181;100
5182;100
5183;100
5184;100
5185;100
5186;100
5187;100
5188;100
5189;100
5190;100
5191;100
5192;100
5193;100
5194;100
5195;100
5196;100
5197;100
5198;100
5199;100
5200;100
5201;100
5202;100
5203;100
5204;100
5205;100
5206;100
5207;100
5208;100
5209;100
5210;100
5211;100
5212;100
5213;100
5214;100
5215;100
5216;100
5217;100
5218;100
5219;100
5220;100
5221;100
5222;100
5223;100
5224;100
5225;100
5226;100
5227;100
5228;100
5229;100
5230;100
5231;100
5232;100
5233;100
5234;100
5235;100
5236;100
5237;100
5238;100
5239;100
5240;100
5241;100
5242;100
5243;100
5244;100
5245;100
5246;100
5247;100
5248;100
5249;100
5250;100
5251;100
5252;100
5253;100
5254;100
5255;100
5256;100
5257;100
5258;100
5259;100
5260;100
5261;100
5262;100
5263;100
5264;100
5265;100
5266;100
5267;100
5268;100
5269;100
5270;100
5271;100
5272;100
5273;100
5274;100
5275;100
5276;100
5277;100
5278;100
5279;100
5280;100
5281;100
5282;100
5283;100
5284;100
5285;100
5286;100
5287;100
5288;100
5289;100
5290;100
5291;100
5292;100
5293;100
5294;100
5295;100
5296;100
5297;100
5298;100
5299;100
5300;100
5301;100
5302;100
5303;100
5304;100
5305;100
5306;100
5307;100
5308;100
5309;100
5310;100
5311;100
5312;100
5313;100
5314;100
5315;100
5316;100
5317;100
5318;100
5319;100
5320;100
5321;100
5322;100
5323;100
5324;100
5325;100
5326;100
5327;100
5328;100
5329;100
5330;100
5331;100
5332;100
5333;100
5334;100
5335;100
5336;100
5337;100
5338;100
5339;100
5340;100
5341;100
5342;100
5343;100
5344;100
5345;100
5346;100
5347;100
5348;100
5349;100
5350;100
5351;100
5352;100
5353;100
5354;100
5355;100
5356;100
5357;100
5358;100
5359;100
5360;100
5361;100
5362;100
5363;100
5364;100
5365;100
5366;100
5367;100
5368;100
5369;100
5370;100
5371;100
5372;100
5373;100
5374;100
5375;100
5376;100
5377;100
5378;100
5379;100
5380;100
5381;100
5382;100
5383;100
5384;100
5385;100
5386;100
5387;100
5388;100
5389;100
5390;100
5391;100
5392;100
5393;100
5394;100
5395;100
5396;100
5397;100
5398;100
5399;100
5400;100
5401;100
5402;100
5403;100
5404;100
5405;100
5406;100
5407;100
5408;100
5409;100
5410;100
5411;100
5412;100
5413;100
5414;100
5415;100
5416;100
5417;100
5418;100
5419;100
5420;100
5421;100
5422;100
5423;100
5424;100
5425;100
5426;100
5427;100
5428;100
5429;100
5430;100
5431;100
5432;100
5433;100
5434;100
5435;100
5436;100
5437;100
5438;100
5439;100
5440;100
5441;100
5442;100
5443;100
5444;100
5445;100
5446;100
5447;100
5448;100
5449;100
5450;100
5451;100
5452;100
5453;100
5454;100
5455;100
5456;100
5457;100
5458;100
5459;100
5460;100
5461;100
5462;100
5463;100
5464;100
5465;100
5466;100
5467;100
5468;100
5469;100
5470;100
5471;100
5472;100
5473;100
5474;100
5475;100
5476;100
5477;100
5478;100
5479;100
5480;100
5481;100
5482;100
5483;100
5484;100
5485;100
5486;100
5487;100
5488;100
5489;100
5490;100
5491;100
5492;100
5493;100
5494;100
5495;100
5496;100
5497;100
5498;100
5499;100
5500;100
5501;100
5502;100
5503;100
5504;100
5505;100
5506;100
5507;100
5508;100
5509;100
5510;100
5511;100
5512;100
5513;100
5514;100
5515;100
5516;100
5517;100
5518;100
5519;100
5520;100
5521;100
5522;100
5523;100
5524;100
5525;100
5526;100
5527;100
5528;100
5529;100
5530;100
5531;100
5532;100
5533;100
5534;100
5535;100
5536;100
5537;100
5538;100
5539;100
5540;100
5541;100
5542;100
5543;100
5544;100
5545;100
5546;100
5547;100
5548;100
5549;100
5550;100
5551;100
5552;100
5553;100
5554;100
5555;100
5556;100
5557;100
5558;100
5559;100
5560;100
5561;100
5562;100
5563;100
5564;100
5565;100
5566;100
5567;100
5568;100
5569;100
5570;100
5571;100
5572;100
5573;100
5574;100
5575;100
5576;100
5577;100
5578;100
5579;100
5580;100
5581;100
5582;100
5583;100
5584;100
5585;100
5586;100
5587;100
5588;100
5589;100
5590;100
5591;100
5592;100
5593;100
5594;100
5595;100
5596;100
5597;100
5598;100
5599;100
5600;100
5601;100
5602;100
5603;100
5604;100
5605;100
5606;100
5607;100
5608;100
5609;100
5610;100
5611;100
5612;100
5613;100
5614;100
5615;100
5616;100
5617;100
5618;100
5619;100
5620;100
5621;100
5622;100
5623;100
5624;100
5625;100
5626;100
5627;100
5628;100
5629;100
5630;100
5631;100
5632;100
5633;100
5634;100
5635;100
5636;100
5637;100
5638;100
5639;100
5640;100
5641;100
5642;100
5643;100
5644;100
5645;100
5646;100
5647;100
5648;100
5649;100
5650;100
5651;100
5652;100
5653;100
5654;100
5655;100
5656;100
5657;100
5658;100
5659;100
5660;100
5661;100
5662;100
5663;100
5664;100
5665;100
5666;100
5667;100
5668;100
5669;100
5670;100
5671;100
5672;100
5673;100
5674;100
5675;100
5676;100
5677;100
5678;100
5679;100
5680;100
5681;100
5682;100
5683;100
5684;100
5685;100
5686;100
5687;100
5688;100
5689;100
5690;100
5691;100
5692;100
5693;100
5694;100
5695;100
5696;100
5697;100
5698;100
5699;100
5700;100
5701;100
5702;100
5703;100
5704;100
5705;100
5706;100
5707;100
5708;100
5709;100
5710;100
5711;100
5712;100
5713;100
5714;100
5715;100
5716;100
5717;100
5718;100
5719;100
5720;100
5721;100
5722;100
5723;100
5724;100
5725;100
5726;100
5727;100
5728;100
5729;100
5730;100
5731;100
5732;100
5733;100
5734;100
5735;100
5736;100
5737;100
5738;100
5739;100
5740;100
5741;100
5742;100
5743;100
5744;100
5745;100
5746;100
5747;100
5748;100
5749;100
5750;100
5751;100
5752;100
5753;100
5754;100
5755;100
5756;100
5757;100
5758;100
5759;100
5760;100
5761;100
5762;100
5763;100
5764;100
5765;100
5766;100
5767;100
5768;100
5769;100
5770;100
5771;100
5772;100
5773;100
5774;100
5775;100
5776;100
5777;100
5778;100
5779;100
5780;100
5781;100
5782;100
5783;100
5784;100
5785;100
5786;100
5787;100
5788;100
5789;100
5790;100
5791;100
5792;100
5793;100
5794;100
5795;100
5796;100
5797;100
5798;100
5799;100
5800;100
5801;100
5802;100
5803;100
5804;100
5805;100
5806;100
5807;100
5808;100
5809;100
5810;100
5811;100
5812;100
5813;100
5814;100
5815;100
5816;100
5817;100
5818;100
5819;100
5820;100
5821;100
5822;100
5823;100
5824;100
5825;100
5826;100
5827;100
5828;100
5829;100
5830;100
5831;100
5832;100
5833;100
5834;100
5835;100
5836;100
5837;100
5838;100
5839;100
5840;100
5841;100
5842;100
5843;100
5844;100
5845;100
5846;100
5847;100
5848;100
5849;100
5850;100
5851;100
5852;100
5853;100
5854;100
5855;100
5856;100
5857;100
5858;100
5859;100
5860;100
5861;100
5862;100
5863;100
5864;100
5865;100
5866;100
5867;100
5868;100
5869;100
5870;100
5871;100
5872;100
5873;100
5874;100
5875;100
5876;100
5877;100
5878;100
5879;100
5880;100
5881;100
5882;100
5883;100
5884;100
5885;100
5886;100
5887;100
5888;100
5889;100
5890;100
5891;100
5892;100
5893;100
5894;100
5895;100
5896;100
5897;100
5898;100
5899;100
5900;100
5901;100
5902;100
5903;100
5904;100
5905;100
5906;100
5907;100
5908;100
5909;100
5910;100
5911;100
5912;100
5913;100
5914;100
5915;100
5916;100
5917;100
5918;100
5919;100
5920;100
5921;100
5922;100
5923;100
5924;100
5925;100
5926;100
5927;100
5928;100
5929;100
5930;100
5931;100
5932;100
5933;100
5934;100
5935;100
5936;100
5937;100
5938;100
5939;100
5940;100
5941;100
5942;100
5943;100
5944;100
5945;100
5946;100
5947;100
5948;100
5949;100
5950;100
5951;100
5952;100
5953;100
5954;100
5955;100
5956;100
5957;100
5958;100
5959;100
5960;100
5961;100
5962;100
5963;100
5964;100
5965;100
5966;100
5967;100
5968;100
5969;100
5970;100
5971;100
5972;100
5973;100
5974;100
5975;100
5976;100
5977;100
5978;100
5979;100
5980;100
5981;100
5982;100
5983;100
5984;100
5985;100
5986;100
5987;100
5988;100
5989;100
5990;100
5991;100
5992;100
5993;100
5994;100
5995;100
5996;100
5997;100
5998;100
5999;100
