2013-10-20-12	5.3836	2.9984	13.7975	5.4010	49.8705	3.7563	3.7563	4.2267
2013-10-20-18	5.9902	3.7213	7.4245	6.6011	46.8295	3.9557	3.9557	4.2140
2013-10-21-00	7.7787	5.5393	9.9398	11.5490	45.9000	3.5889	3.5889	5.5668
2013-10-21-06	5.9393	4.3738	7.3000	9.1970	47.1852	4.7656	4.7656	4.7765
2013-10-21-12	4.8557	3.6508	5.4467	10.6400	50.9311	5.5980	5.5980	5.0820
2013-10-21-18	4.9361	4.5590	4.3237	11.7174	53.4016	5.1593	5.1593	5.7587
2013-10-22-00	4.9328	3.7623	7.6757	16.5106	55.3393	7.9144	7.9144	6.9066
2013-10-22-06	7.1590	4.5377	5.7338	13.5419	54.5754	6.1617	6.1617	7.3326
2013-10-22-12	8.5541	5.9852	5.6443	17.2612	54.3311	7.6616	7.6616	7.4552
2013-10-22-18	9.3885	5.7131	6.2072	18.9830	56.7246	9.0665	9.0665	9.6058
2013-10-23-00	12.0164	8.5885	10.2887	17.8012	55.9148	8.6923	8.6923	10.2066
2013-10-23-06	13.8082	10.7393	13.1692	18.3398	55.5344	10.0880	10.0880	11.2346
2013-10-23-12	9.9885	8.5869	11.7564	14.3995	54.6672	6.6908	6.6908	8.5138
2013-10-23-18	8.7754	8.8459	16.1238	8.6913	51.0148	7.9831	7.9831	7.7014
2013-10-24-00	10.1934	10.4066	12.7607	8.0315	48.9246	7.8722	7.8722	7.6140
2013-10-24-06	10.4213	9.2180	10.5901	8.9873	48.8590	6.5165	6.5165	6.6510
2013-10-24-12	10.3016	8.3197	12.6492	13.8636	46.1770	4.8784	4.8784	5.7759
2013-10-24-18	9.5410	8.5885	13.5762	11.8095	45.1689	6.0448	6.0448	4.7845
2013-10-25-00	11.7131	9.8197	7.7275	9.1939	45.2787	4.9935	4.9935	5.0884
2013-10-25-06	12.1508	9.3410	6.5322	9.0540	44.2885	6.5052	6.5052	5.7354
2013-10-25-12	11.7951	8.0164	4.5979	6.9505	43.4328	5.4340	5.4340	4.6584
2013-10-25-18	12.1885	8.5869	5.3706	12.2228	42.0098	5.8549	5.8549	5.4415
2013-10-26-00	11.9869	7.8131	6.0743	8.4863	41.2508	3.7408	3.7408	4.6252
2013-10-26-06	16.1557	8.3230	5.4968	8.5265	43.9197	5.0232	5.0232	5.1692
2013-10-26-12	13.6311	8.2082	8.4960	8.6804	45.8803	7.0816	7.0816	6.7461
2013-10-26-18	9.4623	7.7377	7.5678	11.2097	44.8754	6.6701	6.6701	6.3849
2013-10-27-00	13.3508	15.0902	15.4294	12.7672	45.1803	10.7906	10.7906	12.2656
2013-10-27-06	18.4656	10.3377	9.0190	16.1650	54.3344	13.0184	13.0184	11.5315
2013-10-27-12	16.8984	9.7557	9.4020	18.6863	56.5902	10.9604	10.9604	9.8892
2013-10-27-18	21.7246	12.7082	13.4763	21.2758	53.8607	12.2056	12.2056	13.7476
2013-10-28-00	17.3082	11.9066	14.3171	18.2198	53.8213	12.0986	12.0986	11.4757
2013-10-28-06	14.9885	14.0393	14.3077	19.5727	53.2377	11.8457	11.8457	12.5870
2013-10-28-12	17.1410	14.8033	16.2043	22.4738	52.4459	13.5968	13.5968	12.4882
2013-10-28-18	15.9148	14.3426	16.9590	18.4587	48.3361	9.4927	9.4927	11.1191
2013-10-29-00	14.7525	13.3148	17.1570	20.5085	44.3328	10.0651	10.0651	9.9566
2013-10-29-06	12.4033	11.5967	13.9004	17.0148	41.3000	6.5339	6.5339	7.5662
2013-10-29-12	13.3246	10.7000	8.4630	26.2707	41.7770	5.2484	5.2484	6.3752
2013-10-29-18	15.1393	12.0590	11.8240	23.7264	39.2344	7.8287	7.8287	7.4619
2013-10-30-00	14.5197	8.7541	8.7074	22.2220	36.5016	6.1623	6.1623	6.3840
2013-10-30-06	18.1311	10.3049	5.7525	8.7801	33.4246	8.7765	8.7765	7.6609
2013-10-30-12	16.0885	9.6574	5.2057	14.2232	35.2098	7.3877	7.3877	6.5873
2013-10-30-18	17.1787	10.4689	6.2528	16.2395	35.8311	7.0072	7.0072	7.8718
2013-10-31-00	14.0279	9.3787	5.4464	8.5164	35.1525	4.6421	4.6421	6.8179
2013-10-31-06	15.4689	10.5902	7.7071	7.4100	36.9197	6.5041	6.5041	7.8365
2013-10-31-12	14.5852	10.2393	7.1060	9.2573	34.4230	6.8014	6.8014	8.0784
2013-10-31-18	15.1098	10.7000	8.3321	6.7908	32.5361	7.2837	7.2837	8.3535
2013-11-01-00	14.0311	8.9443	8.2248	8.2071	32.6262	6.6452	6.6452	7.9001
2013-11-01-06	16.0754	8.2066	5.9506	9.4512	31.7672	7.5677	7.5677	7.0048
2013-11-01-12	16.9738	7.7344	5.6862	14.7411	31.4836	9.5709	9.5709	7.0597
2013-11-01-18	15.7443	5.7656	7.2988	13.6412	30.8721	7.6618	7.6618	5.5334
2013-11-02-00	16.5410	5.4180	4.4545	10.8147	29.2098	5.4683	5.4683	6.1502
2013-11-02-06	17.8344	5.6033	5.4257	10.7976	33.0361	6.4693	6.4693	6.3993
2013-11-02-12	30.3344	16.6508	15.3286	12.2871	43.0852	12.1705	12.1705	18.8355
2013-11-02-18	20.4607	8.8262	8.6442	12.2195	44.4885	6.9527	6.9527	11.1785
2013-11-03-00	20.2754	8.6295	10.0184	6.5384	30.4541	7.1841	7.1841	9.7807
2013-11-03-06	15.9246	8.9230	10.0405	9.6835	29.8492	7.5087	7.5087	8.4997
2013-11-03-12	10.8443	6.3213	6.7201	11.7064	31.4443	4.8231	4.8231	5.8390
2013-11-03-18	13.9311	10.1049	10.8307	13.4194	30.7098	8.3724	8.3724	8.2374
2013-11-04-00	13.4852	9.3279	9.9434	17.2393	29.3066	6.1885	6.1885	8.2786
2013-11-04-06	10.8131	8.6328	8.5259	10.1700	30.0492	6.7754	6.7754	7.6554
2013-11-04-12	12.5607	8.7279	11.8023	8.3768	27.3869	8.9734	8.9734	7.8844
2013-11-04-18	11.7770	7.8803	8.7754	12.0995	24.6131	7.6875	7.6875	7.7006
2013-11-05-00	12.0180	7.7820	7.5686	16.2530	27.0770	7.3209	7.3209	7.2683
2013-11-05-06	11.3230	6.7820	6.4710	15.4370	27.9820	6.7221	6.7221	6.1115
2013-11-05-12	10.3197	5.7148	4.6039	14.4176	27.1918	5.4421	5.4421	5.1133
2013-11-05-18	10.3738	5.9541	4.3701	13.5426	27.3180	4.6204	4.6204	5.2079
2013-11-06-00	9.4918	5.1770	6.3920	11.9969	26.1393	5.5856	5.5856	4.2907
2013-11-06-06	12.7770	6.9967	7.8497	17.6922	27.8328	6.8235	6.8235	7.2643
2013-11-06-12	10.3279	6.4295	4.1014	16.9797	24.7525	6.4564	6.4564	6.0729
2013-11-06-18	11.7475	8.1607	5.2630	11.5231	23.0361	6.9021	6.9021	7.1258
2013-11-07-00	14.2098	9.8230	6.7618	10.7205	23.8967	8.3233	8.3233	8.7231
2013-11-07-06	12.8443	9.8016	8.1601	9.5676	24.9410	9.0831	9.0831	8.9773
2013-11-07-12	11.1590	9.5230	8.3407	9.3012	25.1689	9.2580	9.2580	9.0158
2013-11-07-18	13.1721	11.4557	9.1109	12.8840	23.9082	9.7160	9.7160	10.7347
2013-11-08-00	8.4918	9.5344	7.8191	14.4162	24.5852	6.0477	6.0477	7.7860
2013-11-08-06	14.8459	11.1557	12.0180	13.0677	30.3082	10.0740	10.0740	10.8754
2013-11-08-12	10.3361	9.4197	12.8233	12.3335	32.2541	8.2964	8.2964	9.0145
2013-11-08-18	9.3754	6.3131	7.2203	15.8258	30.9148	6.9366	6.9366	6.3981
2013-11-09-00	8.6164	5.9918	9.9047	17.2401	25.6279	7.6425	7.6425	5.8742
2013-11-09-06	9.7541	8.0557	6.0504	14.9394	24.8738	5.8123	5.8123	5.3902
2013-11-09-12	10.4393	7.6885	7.6378	12.6196	27.7410	5.5028	5.5028	6.8441
2013-11-09-18	11.3393	8.1574	8.1257	13.7314	26.8787	6.5031	6.5031	7.0208
2013-11-10-00	14.8770	9.9197	12.5135	14.5436	23.7656	9.7609	9.7609	10.1985
2013-11-10-06	13.1852	8.8000	11.1112	15.5394	21.8066	8.6297	8.6297	9.5477
2013-11-10-12	10.3180	9.7426	12.7654	22.6648	23.1197	8.5283	8.5283	8.8482
2013-11-10-18	10.5115	11.0016	12.4346	27.2440	24.7230	10.0722	10.0722	8.2149
2013-11-11-00	9.1000	8.6623	7.7411	15.9648	24.7738	5.1025	5.1025	6.4376
2013-11-11-06	8.2820	8.3984	6.7987	13.3712	24.0279	4.6751	4.6751	5.9476
2013-11-11-12	6.9689	7.3082	5.3697	11.2116	26.7049	4.6563	4.6563	4.8414
2013-11-11-18	7.2344	7.1295	8.1958	11.0383	26.8049	5.3450	5.3450	5.7617
2013-11-12-00	4.3066	6.3492	3.9901	13.1383	27.8492	3.4460	3.4460	3.8289
2013-11-12-06	6.4377	6.9820	4.4525	16.5618	27.6475	3.2603	3.2603	3.9497
2013-11-12-12	7.7262	5.7590	6.2076	13.5210	27.7492	3.6858	3.6858	4.3304
2013-11-12-18	6.8213	5.5295	5.2329	11.4003	28.1934	3.7595	3.7595	3.6211
2013-11-13-00	8.2557	4.6213	5.8515	10.8086	27.0344	4.1160	4.1160	4.7547
2013-11-13-06	10.4721	5.6180	5.7999	12.0393	24.3279	4.5353	4.5353	5.7409
2013-11-13-12	13.5738	7.9541	6.8370	16.9550	21.3016	7.3389	7.3389	8.3454
2013-11-13-18	12.6885	9.1393	6.4539	16.4370	20.5787	8.4133	8.4133	9.3072
2013-11-14-00	9.5738	8.6262	5.7958	9.6905	24.0049	6.4329	6.4329	7.4926
2013-11-14-06	13.9951	11.0311	8.3894	10.8299	22.0377	7.9211	7.9211	10.1129
2013-11-14-12	11.5934	9.3836	7.5330	15.4575	23.3377	6.2827	6.2827	8.1392
2013-11-14-18	11.1492	9.9852	5.7377	11.2170	20.6180	5.7833	5.7833	8.5546
2013-11-15-00	12.1607	14.0623	10.5064	8.5550	18.8557	7.5816	7.5816	12.2418
2013-11-15-06	12.5918	16.3492	17.7471	9.4569	16.9885	9.3546	9.3546	14.2942
2013-11-15-12	11.9049	16.2656	13.9404	7.0995	17.8738	10.6854	10.6854	13.1003
2013-11-15-18	12.0279	14.6639	12.2643	8.8446	20.3279	8.2653	8.2653	11.6195
2013-11-16-00	14.4803	11.5410	7.7781	9.8507	22.4574	7.6112	7.6112	9.9775
2013-11-16-06	13.1131	10.3164	9.4073	9.7908	20.2066	6.4868	6.4868	9.1671
2013-11-16-12	10.0131	9.0098	6.0591	8.5609	23.4262	5.3326	5.3326	7.0227
2013-11-16-18	10.0475	8.7131	8.4314	6.4480	21.1377	5.9648	5.9648	6.9517
2013-11-17-00	9.6984	10.1607	11.9799	9.4167	23.4164	7.9628	7.9628	8.9484
2013-11-17-06	10.2016	9.7656	10.6319	10.1012	27.3098	8.7855	8.7855	7.8769
2013-11-17-12	11.8934	9.6754	15.2073	11.2012	27.1033	10.8144	10.8144	7.7664
2013-11-17-18	8.6918	8.4869	12.5007	8.5137	27.8738	6.2867	6.2867	6.5455
2013-11-18-00	6.0033	6.8525	19.6700	8.8565	31.1934	8.0195	8.0195	6.1857
2013-11-18-06	7.2049	7.1164	14.7181	9.7103	31.5197	6.4762	6.4762	5.7746
2013-11-18-12	6.8164	7.7721	10.0161	14.1361	31.7885	7.4865	7.4865	5.3884
2013-11-18-18	8.2344	10.1311	9.7241	14.0930	33.1918	7.5109	7.5109	6.8811
2013-11-19-00	8.2852	12.7705	10.0835	12.2231	38.4066	8.5028	8.5028	9.5722
2013-11-19-06	9.1738	14.2787	8.7399	5.8237	37.7148	9.0356	9.0356	10.5252
2013-11-19-12	6.2836	12.9213	9.1502	4.5084	37.0230	6.8230	6.8230	9.1317
2013-11-19-18	12.0541	13.9082	10.6238	7.9979	36.8328	10.4076	10.4076	11.2013
2013-11-20-00	11.4262	13.3984	11.6591	7.8628	36.1787	8.6019	8.6019	10.4778
2013-11-20-06	9.0967	10.8164	5.8324	13.3658	34.7115	6.1860	6.1860	7.8388
2013-11-20-12	7.1279	8.0262	7.2634	10.1700	34.0377	3.8995	3.8995	5.1356
2013-11-20-18	7.4984	9.1475	7.2490	6.7475	35.4295	4.5536	4.5536	6.6084
2013-11-21-00	6.6016	9.7590	8.3987	4.2945	37.7197	6.0447	6.0447	8.1554
2013-11-21-06	6.0869	8.6787	5.3275	4.4496	37.8705	5.0836	5.0836	7.3201
2013-11-21-12	5.8738	7.5836	5.6484	4.0220	37.8820	5.3393	5.3393	6.8565
2013-11-21-18	6.4393	6.8311	6.6741	4.3370	36.8787	5.9573	5.9573	6.3119
2013-11-22-00	6.0623	7.1967	7.8758	4.5204	37.6230	6.0761	6.0761	6.5906
2013-11-22-06	4.8492	6.9557	6.9116	4.4282	38.8525	4.9556	4.9556	6.6866
2013-11-22-12	7.5574	6.8721	5.1201	4.6728	37.4525	5.8733	5.8733	6.4722
2013-11-22-18	4.8049	6.4066	4.9204	5.7290	35.2426	5.5432	5.5432	5.6097
2013-11-23-00	4.2885	6.3131	7.0066	8.8249	36.7557	4.6329	4.6329	6.0251
2013-11-23-06	4.4738	6.4098	6.4964	10.2514	38.6459	6.4615	6.4615	6.6248
2013-11-23-12	5.1525	6.9246	6.8682	9.4768	44.5607	5.8971	5.8971	7.5608
2013-11-23-18	5.0262	6.3885	7.0056	10.7149	42.9066	5.4559	5.4559	7.4161
2013-11-24-00	4.6967	6.5311	10.5915	9.9036	42.0279	6.5510	6.5510	7.5803
2013-11-24-06	3.6639	6.0361	10.7097	10.8644	40.9656	5.8644	5.8644	7.1350
2013-11-24-12	6.9705	7.2279	6.2230	10.6294	38.0508	4.5077	4.5077	6.2807
2013-11-24-18	7.5328	10.1738	7.5256	11.3546	36.0016	5.9357	5.9357	8.8795
2013-11-25-00	8.7164	7.8295	7.2014	13.0900	38.5066	6.2511	6.2511	8.0345
2013-11-25-06	9.4410	6.2049	11.9579	10.0559	43.5787	6.4053	6.4053	8.4958
2013-11-25-12	8.0066	5.2672	7.3032	8.8931	44.7738	4.6934	4.6934	7.2066
2013-11-25-18	9.5410	10.2344	6.8886	10.3201	45.2787	6.1646	6.1646	7.9704
2013-11-26-00	11.6984	9.8770	6.0066	17.6099	44.4984	6.9892	6.9892	8.3388
2013-11-26-06	8.9689	9.2672	8.8097	20.0045	44.1967	6.4354	6.4354	7.2493
2013-11-26-12	9.7197	7.9115	12.5991	18.0525	46.7426	4.4571	4.4571	6.4465
2013-11-26-18	10.6525	11.1148	12.9990	18.8688	44.4557	6.6412	6.6412	7.5436
2013-11-27-00	8.1197	9.1885	10.3318	22.9915	45.9557	5.8679	5.8679	6.9696
2013-11-27-06	8.8115	8.7115	8.5739	29.1567	45.9098	6.4446	6.4446	8.0346
2013-11-27-12	8.0852	7.8689	9.0687	16.6136	43.7344	6.7256	6.7256	7.3104
2013-11-27-18	10.4246	8.4984	6.7396	10.8282	44.8639	8.1211	8.1211	8.0991
2013-11-28-00	10.1607	7.7902	6.7733	8.3707	43.6377	6.5973	6.5973	7.4279
2013-11-28-06	7.0656	7.1967	9.0564	8.2705	44.5148	5.5922	5.5922	6.1572
2013-11-28-12	8.4803	9.5344	11.7606	14.5656	41.4344	7.9328	7.9328	8.1928
2013-11-28-18	9.7770	8.4951	15.9633	11.5265	41.7770	7.5061	7.5061	8.5112
2013-11-29-00	8.8049	8.4311	11.5681	12.7263	44.3197	7.1705	7.1705	8.1435
2013-11-29-06	9.1443	7.3721	7.0523	15.1882	44.0410	3.7943	3.7943	6.8533
2013-11-29-12	7.0721	6.9721	7.1450	13.8898	43.0098	3.4141	3.4141	5.1326
2013-11-29-18	7.4639	9.5098	10.0551	17.6837	46.5377	5.6640	5.6640	7.0507
2013-11-30-00	6.9082	8.8639	9.2602	20.9954	44.8836	6.2533	6.2533	7.4528
2013-11-30-06	6.5344	9.7803	11.7413	14.3505	41.6689	7.2034	7.2034	7.1931
2013-11-30-12	9.7885	13.2787	13.7161	18.3917	39.7967	9.2675	9.2675	10.6962
2013-11-30-18	13.4361	17.2148	14.9476	19.2227	39.7197	12.0979	12.0979	13.8009
2013-12-01-00	11.7721	13.7557	12.7529	18.8583	42.3967	10.4428	10.4428	11.9768
2013-12-01-06	12.5443	13.7148	15.5608	20.5165	43.7656	10.6090	10.6090	12.2542
2013-12-01-12	12.8475	15.3590	13.8887	22.9684	44.5590	13.8357	13.8357	12.3999
2013-12-01-18	12.6557	12.8098	11.4872	25.6855	43.0393	11.6810	11.6810	11.8051
2013-12-02-00	7.9295	10.4656	11.5547	22.9150	45.2508	9.0488	9.0488	9.5408
2013-12-02-06	6.2902	7.9246	9.2809	23.9076	45.2361	7.8407	7.8407	7.0680
2013-12-02-12	7.7820	7.8213	9.8533	20.2898	43.6426	7.8377	7.8377	7.0287
2013-12-02-18	6.8426	5.8705	11.7905	24.9764	45.5541	6.3775	6.3775	5.7006
2013-12-03-00	8.2475	5.7311	13.1661	33.9785	47.0213	6.4222	6.4222	5.1274
2013-12-03-06	8.8984	7.0803	9.2268	22.6569	46.8590	6.1356	6.1356	6.3887
2013-12-03-12	12.1672	6.5410	9.1589	12.9438	42.2443	5.9999	5.9999	6.8942
2013-12-03-18	15.2820	10.0918	13.1407	14.8460	38.4492	8.7444	8.7444	10.1011
2013-12-04-00	16.8984	11.1787	13.4180	24.4522	40.3164	8.3615	8.3615	10.7321
2013-12-04-06	13.9639	10.1230	16.6984	15.8542	45.8557	9.8981	9.8981	11.1196
2013-12-04-12	14.2508	9.0820	20.3866	18.2391	43.3623	7.7867	7.7867	9.6400
2013-12-04-18	13.7426	8.1639	22.5742	24.3715	40.8590	7.2305	7.2305	6.1501
2013-12-05-00	11.5311	7.3885	15.6018	24.4667	40.0475	5.2745	5.2745	4.6454
2013-12-05-06	10.6951	8.6082	22.9552	19.4561	45.8885	7.1461	7.1461	7.2867
2013-12-05-12	14.0311	7.1820	16.8193	24.3780	45.4164	5.8063	5.8063	5.9544
2013-12-05-18	13.8951	7.3557	15.8028	26.3917	42.4869	8.2407	8.2407	5.1604
2013-12-06-00	15.9754	6.8115	9.8010	27.7368	36.6721	6.2834	6.2834	4.1944
2013-12-06-06	15.5623	7.3492	11.0103	34.0986	35.2164	6.3825	6.3825	4.9710
2013-12-06-12	11.9803	6.4066	14.6376	39.2447	34.3852	5.6896	5.6896	5.1060
2013-12-06-18	7.4049	6.2098	17.5927	51.3326	31.8475	5.4253	5.4253	4.9574
2013-12-07-00	7.4852	8.3148	16.0708	54.7840	35.8082	6.6149	6.6149	6.7684
2013-12-07-06	10.5098	10.2230	18.9454	32.6026	38.6279	8.3043	8.3043	8.4156
2013-12-07-12	10.1721	5.1180	13.9151	29.9561	35.7459	6.7617	6.7617	4.8209
2013-12-07-18	9.4934	5.5738	15.3558	21.5755	35.6770	7.4523	7.4523	5.0327
2013-12-08-00	8.3246	3.9639	13.7327	14.2140	37.2820	5.1522	5.1522	3.6106
2013-12-08-06	7.0311	4.8721	13.3532	13.5220	38.9016	5.6632	5.6632	4.8368
2013-12-08-12	9.0115	5.8590	4.7941	14.1325	41.0770	5.6954	5.6954	3.4980
2013-12-08-18	7.1705	6.1525	4.3426	15.1419	38.8705	5.1229	5.1229	3.8619
2013-12-09-00	7.5787	5.8393	4.4303	15.3552	40.8295	3.7976	3.7976	4.3059
2013-12-09-06	9.4590	7.6475	6.9555	13.7332	38.4066	4.9053	4.9053	5.5526
2013-12-09-12	7.5967	7.6656	8.1277	20.0049	37.4148	5.3072	5.3072	4.3897
2013-12-09-18	6.4885	7.6393	8.0650	16.0452	39.5262	4.1978	4.1978	4.2932
2013-12-10-00	6.9361	8.5770	7.6249	12.4938	40.9984	5.7007	5.7007	6.3363
2013-12-10-06	5.9328	7.4180	9.0700	10.0083	40.7492	4.9153	4.9153	5.4891
2013-12-10-12	7.8066	8.5770	11.7544	8.6139	37.2410	6.5771	6.5771	7.1583
2013-12-10-18	7.7311	13.6639	20.0511	12.8522	34.7393	10.4991	10.4991	11.2937
2013-12-11-00	8.5672	11.9590	18.4350	14.6512	33.6508	7.9927	7.9927	9.6436
2013-12-11-06	7.4426	13.3934	23.9378	20.0049	40.2836	11.5376	11.5376	12.9673
2013-12-11-12	7.8705	11.2721	26.5673	14.9030	40.7443	7.3486	7.3486	10.1479
2013-12-11-18	10.4115	11.4443	18.1649	16.3426	37.6705	6.9474	6.9474	8.1063
2013-12-12-00	8.0426	10.9721	18.1446	17.6534	37.3836	6.9916	6.9916	8.6060
2013-12-12-06	6.9525	9.0852	21.2957	16.3410	39.5754	7.6082	7.6082	8.1603
2013-12-12-12	9.3705	8.0852	20.7297	17.0615	41.8754	6.6781	6.6781	6.9428
2013-12-12-18	13.9918	6.7984	21.3734	15.4036	43.2344	6.6486	6.6486	6.4698
2013-12-13-00	14.6098	6.1148	31.4815	17.7636	44.2820	9.9229	9.9229	9.1931
2013-12-13-06	12.0295	6.6721	33.4698	10.4987	45.4803	10.8999	10.8999	8.9569
2013-12-13-12	14.1820	6.4852	23.1154	11.0477	43.4541	5.4365	5.4365	6.7249
2013-12-13-18	11.9000	6.1541	10.4244	15.0107	40.8902	5.6485	5.6485	4.4667
2013-12-14-00	9.8689	6.6066	10.9508	8.3595	41.6721	5.9770	5.9770	4.7136
2013-12-14-06	8.8098	5.1098	9.0735	6.6100	40.3098	4.4006	4.4006	4.6131
2013-12-14-12	11.8869	4.8213	8.7409	5.3501	43.4033	5.1137	5.1137	4.9585
2013-12-14-18	14.1246	6.3033	14.1234	6.3431	46.4705	4.7435	4.7435	6.3662
2013-12-15-00	11.9967	5.9541	13.0941	10.7475	44.6246	5.9750	5.9750	5.4585
2013-12-15-06	12.7623	7.0541	16.8717	10.7265	45.7049	4.7100	4.7100	6.0237
2013-12-15-12	11.7082	9.4869	21.2130	11.6984	42.8033	7.6221	7.6221	6.7819
2013-12-15-18	12.3361	10.0098	20.2098	11.3023	40.4328	7.6215	7.6215	7.2275
2013-12-16-00	12.1885	8.2115	15.4467	10.6134	41.0475	6.2643	6.2643	6.9439
2013-12-16-06	6.2557	6.2918	18.4137	9.6846	43.8164	5.2089	5.2089	4.9691
2013-12-16-12	13.3246	8.4623	14.3738	11.2346	42.4967	8.4689	8.4689	7.7174
2013-12-16-18	16.3902	9.4836	11.6599	13.1889	42.2066	8.9886	8.9886	9.3057
2013-12-17-00	14.2115	8.2361	17.1181	11.9312	43.3082	9.2801	9.2801	8.9803
2013-12-17-06	11.2656	6.8049	13.7886	11.1928	43.3590	8.1547	8.1547	6.7576
2013-12-17-12	7.6049	7.4000	11.9761	16.3993	42.2770	5.3791	5.3791	5.4712
2013-12-17-18	7.7656	7.3377	8.5614	18.4684	40.8262	4.7958	4.7958	4.7494
2013-12-18-00	8.8738	8.2443	11.6720	10.8382	40.3262	4.2440	4.2440	5.2186
2013-12-18-06	12.2377	7.1951	9.3909	8.9220	41.0246	3.9813	3.9813	5.3108
2013-12-18-12	10.1738	9.5770	9.0897	4.7685	41.4393	5.7460	5.7460	6.8139
2013-12-18-18	17.6459	10.8148	11.9428	8.3115	38.7033	10.4587	10.4587	9.6301
2013-12-19-00	13.8951	7.8393	8.3141	6.5177	38.8180	6.4133	6.4133	5.3938
2013-12-19-06	8.1098	7.6639	8.6918	7.0645	38.4525	6.1241	6.1241	6.0580
2013-12-19-12	11.0590	8.0344	12.9712	9.3618	41.4689	6.1612	6.1612	6.5866
2013-12-19-18	12.3656	10.8754	18.8602	8.2990	38.4836	6.6050	6.6050	8.6024
2013-12-20-00	9.4918	9.7311	17.2293	15.1395	40.3525	6.5996	6.5996	7.7314
2013-12-20-06	9.9164	10.1049	15.8559	16.8544	39.6721	7.6471	7.6471	7.4057
2013-12-20-12	7.0197	8.8770	18.1424	14.6192	41.9393	5.8876	5.8876	7.4529
2013-12-20-18	6.3557	7.5475	19.4822	14.3453	41.8164	6.5924	6.5924	7.0517
2013-12-21-00	8.4508	8.6705	17.3260	15.7254	41.5000	8.4837	8.4837	9.3369
2013-12-21-06	11.5328	8.6803	19.8861	12.9156	39.4115	8.8652	8.8652	9.8467
2013-12-21-12	9.7885	11.7328	22.5059	16.6218	39.9410	8.7165	8.7165	10.3281
2013-12-21-18	11.9279	9.9770	24.0604	10.3092	42.5557	7.9862	7.9862	10.0599
2013-12-22-00	11.4951	8.7885	11.6511	13.1809	44.5574	9.4960	9.4960	9.5985
2013-12-22-06	8.8230	9.9426	13.8964	12.5613	48.0328	9.7897	9.7897	10.4839
2013-12-22-12	10.0410	11.6852	16.2505	10.4630	44.4967	8.7304	8.7304	10.8267
2013-12-22-18	12.6213	11.7541	13.5047	13.0653	42.6131	8.9915	8.9915	11.0393
2013-12-23-00	11.3443	10.6164	15.4122	14.8214	42.9180	9.1960	9.1960	9.7399
2013-12-23-06	8.8869	7.9410	13.7803	10.3846	45.7820	7.2357	7.2357	8.1010
2013-12-23-12	13.6541	11.1820	13.4918	10.5814	45.1115	8.2330	8.2330	9.9334
2013-12-23-18	7.7590	7.8852	15.1242	11.6036	42.4049	7.3205	7.3205	7.5570
2013-12-24-00	15.4770	7.0557	21.7836	13.6773	43.7820	7.2705	7.2705	7.1255
